
+13109880191
+14313375611
+14315549321
+15103931507
+16478349344
+16782419269
+18327755706
+19725520699
+233244024168
+233244033019
+233244527844
+233271355369
+233273199837
+233540835689
+2347031019034
+2347031056889
+2347031611840
+2347032036560
+2347032053133
+2347032224773
+2347032266556
+2347032317478
+2347032462121
+2347032982546
+2347034100651
+2347034304478
+2347034443554
+2347035171754
+2347037352416
+2347038273913
+2347038672471
+2347040003982
+2347062344604
+2347062733942
+2347062848838
+2347064838833
+2347065062694
+2347067584945
+2347068277064
+2347068414610
+2347069762040
+2347082925099
+2347085250085
+2348023002760
+2348023217575
+2348023663688
+2348023688300
+2348023691734
+2348023803206
+2348024111003
+2348024326001
+2348025223596
+2348025462615
+2348027240332
+2348028435682
+2348028471715
+2348029273010
+2348029305620
+2348029460359
+2348029953000
+2348031597028
+2348032003106
+2348032486978
+2348033190803
+2348033216278
+2348033750960
+2348033776359
+2348034359413
+2348034534357
+2348034846399
+2348034956990
+2348035028031
+2348035133383
+2348035667908
+2348035937038
+2348036476681
+2348036716590
+2348037012488
+2348037364574
+2348038102222
+2348038325971
+2348038362612
+2348038791171
+2348050345504
+2348051000743
+2348052208986
+2348055575658
+2348055883133
+2348055916890
+2348060020623
+2348060261762
+2348060564731
+2348061198312
+2348062183459
+2348062329682
+2348063421304
+2348063963167
+2348064748749
+2348064942462
+2348065152078
+2348065707821
+2348067253389
+2348067532758
+2348068805816
+2348068884324
+2348075505550
+2348083099754
+2348085948527
+2348088068908
+2348089229445
+2348093305894
+2348093566260
+2348097993245
+2348098775444
+2348101600784
+2348108960455
+2348111111515
+2348113370455
+2348114608046
+2348125766733
+2348130542631
+2348130691051
+2348132340685
+2348132582028
+2348133068747
+2348133143743
+2348134160884
+2348134346076
+2348134546724
+2348135447102
+2348136689482
+2348137684161
+2348138102616
+2348139546422
+2348139600962
+2348143055699
+2348153189331
+2348156687239
+2348158146004
+2348160121920
+2348164446753
+2348165477515
+2348167823976
+2348170041865
+2348171075628
+2348171181896
+2348175000040
+2348179660116
+2348180346814
+2348181161826
+2348185471787
+2348185647642
+2348185838673
+2349023485751
+2349024268854
+2349027850555
+2349057520565
+2349059136087
+2349060132533
+2349075826446
+2349077365402
+2349080139799
+2349091654265
+23751261103
+237671128066
+237671215502
+237683149441
+23770240664
+23777653641
+32465048150
+32465782495
+32492176500
+33758056510
+33784761795
+353852160960
+353894084696
+353899755606
+37125487392
+447300288732
+447305391818
+447305487039
+447305553360
+447307244454
+447307378879
+447309658840
+447310260532
+447310532467
+447340886076
+447341205230
+447341855561
+447361103254
+447361913542
+447365955597
+447366823065
+447367754280
+447368318611
+447368581494
+447375246783
+447375774017
+447376578330
+447376864367
+447377252141
+447377337473
+447378885413
+447379334857
+447379963776
+447384024815
+447385121303
+447385833572
+447388035655
+447388904990
+447389080794
+447391891143
+447393990005
+447394461580
+447395626475
+447398260603
+447398392165
+447398468118
+447400221222
+447401578857
+447402140518
+447402958863
+447403033210
+447403782378
+447404100860
+447404517286
+447404532581
+447404630288
+447404635388
+447404804611
+447404909860
+447404918196
+447404940835
+447404942291
+447404962387
+447404974098
+447405324844
+447405327936
+447405346877
+447405717489
+447407071862
+447407222720
+447407413887
+447407828303
+447411579142
+447413002887
+447414992761
+447415136743
+447417571860
+447418096480
+447423098604
+447423204707
+447423212203
+447423271323
+447423729625
+447424259211
+447424334513
+447424419311
+447424991745
+447425266542
+447425727004
+447426214988
+447429212239
+447432310784
+447432530523
+447437462068
+447438253585
+447438336155
+447438774225
+447438912020
+447440035142
+447440353071
+447440368318
+447440555885
+447443399416
+447443933369
+447444429671
+447447418638
+447447560690
+447447933978
+447447934142
+447448163286
+447448168931
+447448756535
+447449035190
+447449272672
+447449347425
+447450131512
+447453199448
+447453947840
+447454007586
+447454224488
+447454361362
+447454619546
+447455222893
+447456565522
+447459148371
+447459234940
+447459300274
+447459331267
+447459621888
+447459683421
+447459702640
+447459708219
+447459819242
+447459953605
+447459958826
+447460679552
+447464386684
+447464933270
+447465610425
+447465872536
+447466398449
+447466576085
+447466577537
+447466842736
+447466983023
+447467059760
+447467324279
+447469341357
+447469341361
+447469717293
+447470588390
+447470691645
+447473727332
+447474292987
+447478207811
+447478208649
+447481825556
+447481909010
+447490378571
+447493034235
+447494225746
+447494902026
+447494902887
+447495461477
+447495835470
+447495945075
+447496330039
+447496615315
+447496635808
+447497515004
+447498215122
+447503132807
+447503574688
+447503607895
+447506171427
+447507992509
+447508439152
+447511756226
+447516807615
+447518438961
+447518630992
+447518765250
+447519755774
+447521260343
+447521648731
+447522631189
+447523421266
+447525258109
+447526985659
+447529727615
+447529792261
+447530116500
+447532713975
+447533439521
+447534043604
+447534057619
+447534100677
+447534274884
+447534408500
+447534874059
+447535749207
+447535977581
+447538587944
+447538832468
+447539258173
+447539787559
+447541540595
+447546786561
+447548700012
+447548909070
+447551486180
+447552425985
+447552490351
+447553875986
+447553948176
+447554571126
+447555620634
+447557532042
+447561861091
+447562471840
+447563333298
+447565255000
+447565391981
+447565870172
+447566878139
+447570055791
+447570351611
+447570389124
+447572004186
+447572217607
+447572376644
+447572603537
+447572736090
+447575099893
+447576111284
+447576309050
+447576653118
+447577194441
+447577365718
+447578948107
+447579827968
+447581717304
+447583904138
+447584850674
+447586654946
+447586763136
+447587717121
+447588230109
+447588392722
+447590473664
+447590595484
+447593970206
+447596063114
+447599936375
+447599955239
+447702177191
+447707335665
+447707946383
+447708822157
+447712112158
+447713277168
+447714512176
+447719108009
+447719775557
+447723018304
+447724421314
+447725334314
+447727092887
+447727264925
+447727465432
+447728806614
+447729133622
+447732150192
+447732245737
+447733318319
+447733389801
+447733683826
+447733750851
+447733817126
+447735304835
+447735791975
+447735984957
+447736692012
+447737289896
+447737726841
+447739467014
+447740097218
+447741207330
+447741814569
+447741978186
+447743129180
+447746069915
+447746595242
+447747092862
+447749332820
+447749728970
+447749985195
+447754662597
+447760702484
+447760752819
+447760837271
+447760923654
+447760952045
+447761433956
+447762285455
+447765513883
+447765741810
+447766029855
+447767199644
+447767268573
+447769208767
+447769459029
+447769489423
+447769821238
+447771225967
+447771609477
+447775138271
+447776262963
+447776505538
+447776532555
+447776610884
+447776701663
+447776704779
+447776752305
+447778026386
+447780902928
+447784368484
+447784739190
+447785390145
+447786691062
+447786903103
+447788237421
+447788788755
+447789534193
+447792978493
+447799201052
+447808704493
+447812393842
+447817514734
+447818930773
+447821427612
+447823675560
+447823842225
+447823969505
+447825727111
+447826891966
+447830315651
+447831245238
+447837530804
+447840963136
+447845846328
+447845879768
+447846213304
+447846626984
+447852218687
+447852425880
+447852457236
+447852977879
+447852981478
+447854346500
+447854434900
+447854564076
+447854991159
+447856295071
+447856704260
+447856971399
+447858327592
+447863410220
+447867270801
+447867282161
+447867377358
+447867767935
+447867983068
+447868779698
+447869332074
+447872064159
+447873469772
+447877610009
+447877750181
+447878730886
+447880499868
+447882128969
+447883097078
+447883731086
+447883746623
+447884080649
+447888053613
+447888252179
+447888520577
+447889816947
+447896636342
+447897734274
+447899006910
+447900640152
+447901040076
+447901040207
+447901043577
+447901621118
+447902084592
+447903203121
+447903761246
+447903873215
+447904044545
+447904529391
+447904710715
+447908191903
+447908209822
+447908379952
+447909012642
+447909106430
+447909319607
+447910391633
+447912354864
+447914934040
+447915973016
+447916021687
+447916262652
+447916680932
+447916750538
+447917567763
+447926701232
+447930755078
+447931788488
+447931794831
+447932945550
+447935344161
+447938896796
+447939804856
+447940435781
+447940490779
+447943908943
+447944678224
+447944768628
+447946399184
+447946890864
+447947191504
+447947494523
+447949399066
+447949860690
+447950454999
+447950967631
+447951081549
+447951188192
+447951303178
+447951756640
+447951850240
+447956506592
+447956525662
+447956699059
+447956850480
+447957436209
+447957570240
+447957697231
+447960174543
+447960231144
+447960304205
+447960813171
+447960993481
+447961863629
+447961952406
+447966375428
+447969696247
+447983407459
+447984026215
+447984346709
+447984555761
+447984776036
+447985187120
+447985219936
+447985251356
+447985399415
+447985650126
+447985662771
+447985785448
+447988157910
+447988761509
+447988867388
+48729622521
+4917670362570
+491772354608
+905338487914
