
+234 809 290 8484, 
+234 814 818 4230, 
+44 7733 781252, 
+44 7799 213420, 
+44 7968 250680, 
+234 706 972 1544, 
+44 7867 288696, 
+44 7552 869398, 
+44 7466 629767, 
+234 703 668 7776, 
+44 7459 339041, 
+234 705 960 9088, 
+44 7599 936375, 
+234 813 939 1813, 
+234 810 647 5427, 
+234 803 446 8064, 
+234 813 526 3863, 
+234 813 954 6422, 
+234 806 042 2725, 
+234 814 083 7220, 
+44 7760 715061, 
+44 7867 265670, 
+1 (639) 471-7102, 
+234 810 809 3964, 
+44 7305 487039, 
+234 703 099 2977, 
+44 7771 095115, 
+44 7361 831686, 
+234 806 775 7848, 
+1 (845) 442-4240, 
+44 7909 399475, 
+44 7901 133298, 
+234 903 987 6112, 
+44 7407 644551, 
+234 905 703 8318, 
+234 706 155 9252, 
+44 7895 514489, 
+1 (782) 377-5523, 
+44 7898 350839, 
+234 803 372 4942, 
+44 7901 040076, 
+44 7909 031504, 
+263 77 934 5941, 
+44 7516 281771, 
+44 7881 941175, 
+44 7879 207936, 
+44 7769 380286, 
+234 703 970 7287, 
+234 802 887 2290, 
+380 93 397 8167, 
+44 7867 291762, 
+234 812 192 9016, 
+44 7852 936734, 
+1 (281) 818-9615, 
+44 7873 504719, 
+44 7405 736592, 
+44 7424 982240, 
+234 703 295 6404, 
+1 (204) 996-9352, 
+1 (250) 572-3113, 
+1 (260) 508-6575, 
+1 (281) 940-9897, 
+1 (306) 515-4366, 
+1 (346) 400-9723, 
+1 (347) 279-4903, 
+1 (347) 539-2686, 
+1 (403) 598-6839, 
+1 (418) 520-8400, 
+1 (431) 334-5824, 
+1 (431) 998-7779, 
+1 (437) 238-4080, 
+1 (437) 260-7216, 
+1 (437) 268-4512, 
+1 (437) 971-8247, 
+1 (437) 984-4010, 
+1 (506) 721-2277, 
+1 (514) 258-6605, 
+1 (519) 991-4848, 
+1 (587) 434-0509, 
+1 (587) 968-7341, 
+1 (618) 303-1212, 
+1 (647) 507-8980, 
+1 (647) 906-7470, 
+1 (682) 230-5051, 
+1 (703) 627-3797, 
+1 (709) 687-7956, 
+1 (714) 331-0612, 
+1 (714) 804-4929, 
+1 (778) 871-4209, 
+1 (832) 282-5403, 
+1 (832) 392-5305, 
+1 (832) 660-2689, 
+1 (905) 391-0509, 
+1 (917) 257-1203, 
+1 (919) 265-8380, 
+1 (973) 393-6739, 
+233 24 031 2003, 
+234 701 661 3774, 
+234 703 009 1993, 
+234 703 025 0863, 
+234 703 123 4414, 
+234 703 166 0476, 
+234 703 365 3940, 
+234 703 402 7402, 
+234 703 414 7549, 
+234 703 454 5999, 
+234 703 497 4518, 
+234 703 574 6319, 
+234 703 633 3558, 
+234 703 676 6800, 
+234 703 752 1454, 
+234 703 825 2358, 
+234 703 867 0319, 
+234 703 953 6683, 
+234 705 100 5076, 
+234 705 419 5682, 
+234 705 667 4381, 
+234 706 088 1520, 
+234 706 225 2152, 
+234 706 230 2127, 
+234 706 380 4900, 
+234 706 381 8071, 
+234 706 390 7995, 
+234 706 449 7781, 
+234 706 520 7398, 
+234 706 595 9530, 
+234 706 758 0599, 
+234 706 947 4887, 
+234 708 007 0561, 
+234 708 692 6883, 
+234 708 840 0176, 
+234 708 848 7195, 
+234 802 070 6776, 
+234 802 211 5895, 
+234 802 222 4753, 
+234 802 301 2584, 
+234 802 307 6689, 
+234 802 340 3408, 
+234 802 363 4264, 
+234 802 379 6290, 
+234 802 391 7490, 
+234 802 392 7192, 
+234 802 432 6001, 
+234 802 478 5655, 
+234 802 544 1491, 
+234 802 557 3772, 
+234 802 569 2394, 
+234 802 573 5095, 
+234 802 579 9840, 
+234 802 735 5996, 
+234 802 831 2874, 
+234 802 840 7802, 
+234 802 840 9880, 
+234 802 941 9662, 
+234 802 943 5042, 
+234 803 042 3142, 
+234 803 042 8877, 
+234 803 061 3259, 
+234 803 075 9614, 
+234 803 099 4621, 
+234 803 201 1278, 
+234 803 212 7253, 
+234 803 232 1949, 
+234 803 310 0080, 
+234 803 311 7595, 
+234 803 321 6278, 
+234 803 323 0026, 
+234 803 332 7013, 
+234 803 338 6511, 
+234 803 375 1673, 
+234 803 380 2046, 
+234 803 382 4610, 
+234 803 383 6475, 
+234 803 394 3132, 
+234 803 398 4252, 
+234 803 408 7341, 
+234 803 427 8581, 
+234 803 446 8158, 
+234 803 459 8452, 
+234 803 471 3870, 
+234 803 483 6572, 
+234 803 492 3605, 
+234 803 546 7950, 
+234 803 553 4289, 
+234 803 616 2158, 
+234 803 620 3486, 
+234 803 634 8360, 
+234 803 650 2092, 
+234 803 651 5834, 
+234 803 765 2444, 
+234 803 830 6606, 
+234 803 834 7704, 
+234 803 837 0895, 
+234 803 911 2230, 
+234 803 918 7217, 
+234 803 977 2861, 
+234 805 284 3021, 
+234 805 355 9561, 
+234 805 512 6931, 
+234 805 557 4284, 
+234 805 577 2451, 
+234 805 582 6810, 
+234 805 585 7241, 
+234 805 627 2387, 
+234 806 019 7215, 
+234 806 064 2225, 
+234 806 083 4327, 
+234 806 212 3691, 
+234 806 219 0817, 
+234 806 236 0658, 
+234 806 253 0105, 
+234 806 274 7742, 
+234 806 283 2223, 
+234 806 294 8063, 
+234 806 360 6858, 
+234 806 618 8913, 
+234 806 701 6150, 
+234 806 917 7929, 
+234 806 932 2116, 
+234 807 032 1072, 
+234 807 476 7509, 
+234 807 629 9822, 
+234 807 649 3502, 
+234 807 864 1663, 
+234 808 214 0556, 
+234 808 719 2266, 
+234 808 889 0975, 
+234 809 326 9884, 
+234 809 377 2910, 
+234 809 530 3548, 
+234 809 785 7976, 
+234 809 787 2935, 
+234 809 820 3853, 
+234 809 850 6749, 
+234 809 965 1949, 
+234 809 998 7000, 
+234 810 100 8956, 
+234 810 126 7754, 
+234 810 409 1333, 
+234 810 484 0215, 
+234 810 534 3097, 
+234 810 661 7355, 
+234 810 714 4030, 
+234 810 747 1025, 
+234 810 822 2414, 
+234 810 842 3548, 
+234 811 929 6968, 
+234 812 055 7937, 
+234 812 128 3034, 
+234 812 237 0925, 
+234 812 453 6312, 
+234 812 664 8490, 
+234 812 669 5105, 
+234 813 016 6408, 
+234 813 032 5253, 
+234 813 035 1353, 
+234 813 048 7296, 
+234 813 096 2846, 
+234 813 204 5957, 
+234 813 295 2793, 
+234 813 512 8755, 
+234 813 519 1569, 
+234 813 616 9591, 
+234 813 666 6076, 
+234 813 750 7356, 
+234 813 814 3706, 
+234 813 828 4021, 
+234 814 038 2421, 
+234 814 189 1845, 
+234 814 229 7153, 
+234 814 444 3872, 
+234 814 672 1922, 
+234 814 688 6744, 
+234 814 871 1295, 
+234 814 936 7427, 
+234 815 518 4697, 
+234 815 609 8201, 
+234 815 636 1791, 
+234 815 715 1011, 
+234 816 047 5707, 
+234 816 170 5833, 
+234 816 219 9600, 
+234 816 263 7190, 
+234 816 329 0188, 
+234 816 523 9788, 
+234 816 844 3570, 
+234 816 919 7122, 
+234 817 453 2629, 
+234 817 497 0141, 
+234 817 764 2008, 
+234 817 915 8589, 
+234 818 004 2952, 
+234 818 141 0919, 
+234 818 301 7251, 
+234 818 478 5785, 
+234 818 481 9360, 
+234 818 511 2209, 
+234 818 579 1250, 
+234 818 866 5728, 
+234 901 076 6671, 
+234 902 367 8738, 
+234 902 616 7954, 
+234 902 656 2041, 
+234 903 010 6809, 
+234 903 261 7181, 
+234 903 424 8152, 
+234 903 661 8624, 
+234 903 861 4523, 
+234 905 085 9055, 
+234 905 769 1484, 
+234 906 411 4781, 
+234 906 431 8501, 
+234 906 565 5452, 
+234 906 749 5943, 
+234 907 332 3005, 
+234 907 773 9383, 
+234 907 893 5076, 
+234 908 044 6682, 
+234 908 547 5728, 
+234 911 645 6925, 
+234 911 658 8706, 
+234 911 896 2537, 
+234 912 929 6433, 
+234 913 015 8783, 
+234 915 741 2249, 
+234 916 263 9222, 
+234 916 361 4929, 
+237 6 78 12 12 66, 
+254 799 802335, 
+263 78 422 7408, 
+27 78 765 2114, 
+353 83 811 9272, 
+353 89 232 5335, 
+353 89 953 6299, 
+380 68 752 1649, 
+380 99 496 1720, 
+44 7305 010157, 
+44 7305 956031, 
+44 7308 689845, 
+44 7311 478844, 
+44 7341 179857, 
+44 7341 818628, 
+44 7342 043688, 
+44 7359 029222, 
+44 7359 212658, 
+44 7359 326556, 
+44 7366 577884, 
+44 7367 754280, 
+44 7368 581494, 
+44 7376 123415, 
+44 7376 977222, 
+44 7379 308845, 
+44 7380 421764, 
+44 7384 335940, 
+44 7384 848512, 
+44 7385 290009, 
+44 7385 845116, 
+44 7387 375685, 
+44 7388 323132, 
+44 7393 151479, 
+44 7393 830395, 
+44 7394 145649, 
+44 7397 248837, 
+44 7399 318778, 
+44 7400 183883, 
+44 7403 073503, 
+44 7403 484414, 
+44 7403 743555, 
+44 7404 034685, 
+44 7404 140410, 
+44 7404 233819, 
+44 7404 419194, 
+44 7404 484225, 
+44 7404 537286, 
+44 7404 636201, 
+44 7404 786083, 
+44 7404 950840, 
+44 7405 144876, 
+44 7405 156937, 
+44 7405 329870, 
+44 7405 428920, 
+44 7405 718889, 
+44 7405 788750, 
+44 7407 066537, 
+44 7407 101624, 
+44 7407 222720, 
+44 7411 010555, 
+44 7412 697120, 
+44 7412 802068, 
+44 7412 803380, 
+44 7414 488181, 
+44 7423 243623, 
+44 7423 509240, 
+44 7423 567644, 
+44 7424 059874, 
+44 7424 495234, 
+44 7424 630069, 
+44 7424 741815, 
+44 7426 559997, 
+44 7426 767118, 
+44 7427 106616, 
+44 7428 763202, 
+44 7435 280043, 
+44 7435 523673, 
+44 7435 566636, 
+44 7436 715296, 
+44 7436 942644, 
+44 7438 283814, 
+44 7438 628995, 
+44 7438 895365, 
+44 7438 956349, 
+44 7440 070582, 
+44 7440 428479, 
+44 7440 543960, 
+44 7440 561698, 
+44 7440 713636, 
+44 7440 779686, 
+44 7442 883370, 
+44 7444 566761, 
+44 7444 954661, 
+44 7445 660213, 
+44 7446 166826, 
+44 7446 262225, 
+44 7446 415759, 
+44 7447 161101, 
+44 7448 264065, 
+44 7448 764054, 
+44 7449 272672, 
+44 7449 767862, 
+44 7450 075182, 
+44 7454 787399, 
+44 7459 325460, 
+44 7459 365940, 
+44 7459 590179, 
+44 7462 905659, 
+44 7464 293854, 
+44 7466 077814, 
+44 7466 463519, 
+44 7466 694781, 
+44 7466 988797, 
+44 7472 445464, 
+44 7472 745297, 
+44 7475 481278, 
+44 7475 686171, 
+44 7476 388910, 
+44 7476 700174, 
+44 7477 559191, 
+44 7477 946494, 
+44 7479 498196, 
+44 7480 793325, 
+44 7482 452040, 
+44 7484 165507, 
+44 7493 122877, 
+44 7493 881921, 
+44 7494 105891, 
+44 7495 028684, 
+44 7495 266189, 
+44 7495 329382, 
+44 7495 835470, 
+44 7498 558017, 
+44 7503 314563, 
+44 7505 824176, 
+44 7506 278082, 
+44 7506 288396, 
+44 7507 313654, 
+44 7507 587744, 
+44 7507 936093, 
+44 7508 249281, 
+44 7508 609835, 
+44 7511 612227, 
+44 7518 567348, 
+44 7518 630992, 
+44 7518 653678, 
+44 7532 280566, 
+44 7533 057066, 
+44 7533 304105, 
+44 7533 432451, 
+44 7533 619486, 
+44 7534 407322, 
+44 7534 607492, 
+44 7535 148285, 
+44 7535 624305, 
+44 7538 798215, 
+44 7538 832468, 
+44 7539 173220, 
+44 7539 852545, 
+44 7540 253371, 
+44 7540 356382, 
+44 7542 866430, 
+44 7543 122766, 
+44 7546 080470, 
+44 7551 440959, 
+44 7552 238082, 
+44 7553 063180, 
+44 7557 132274, 
+44 7557 325268, 
+44 7557 955708, 
+44 7561 475374, 
+44 7565 009557, 
+44 7565 255000, 
+44 7565 391981, 
+44 7570 215004, 
+44 7575 043154, 
+44 7575 406372, 
+44 7575 635034, 
+44 7581 194037, 
+44 7584 493575, 
+44 7584 901134, 
+44 7585 513153, 
+44 7585 715643, 
+44 7587 634378, 
+44 7592 296585, 
+44 7592 677839, 
+44 7595 544000, 
+44 7599 576048, 
+44 7702 057632, 
+44 7703 982175, 
+44 7704 956777, 
+44 7706 398389, 
+44 7710 577399, 
+44 7711 906836, 
+44 7713 927874, 
+44 7718 132413, 
+44 7719 108009, 
+44 7720 604336, 
+44 7722 511316, 
+44 7723 018304, 
+44 7723 449276, 
+44 7725 161413, 
+44 7727 081443, 
+44 7732 737899, 
+44 7733 656223, 
+44 7733 797844, 
+44 7735 344394, 
+44 7735 903885, 
+44 7735 984957, 
+44 7737 335352, 
+44 7737 396268, 
+44 7740 585581, 
+44 7741 546582, 
+44 7741 978186, 
+44 7745 905104, 
+44 7748 590588, 
+44 7756 679609, 
+44 7757 438798, 
+44 7757 713558, 
+44 7759 632822, 
+44 7760 186570, 
+44 7760 805898, 
+44 7760 922593, 
+44 7760 995469, 
+44 7763 640638, 
+44 7765 741810, 
+44 7766 433750, 
+44 7767 178169, 
+44 7767 918721, 
+44 7770 429755, 
+44 7771 081609, 
+44 7771 094081, 
+44 7771 096361, 
+44 7771 215111, 
+44 7771 760993, 
+44 7774 182161, 
+44 7774 830036, 
+44 7776 314588, 
+44 7776 589759, 
+44 7778 026386, 
+44 7778 278910, 
+44 7780 025934, 
+44 7780 069592, 
+44 7780 392379, 
+44 7782 385064, 
+44 7787 686536, 
+44 7789 785273, 
+44 7792 107226, 
+44 7792 929550, 
+44 7795 430536, 
+44 7795 947877, 
+44 7796 082252, 
+44 7796 788168, 
+44 7800 554477, 
+44 7804 320932, 
+44 7807 681143, 
+44 7810 036261, 
+44 7814 292433, 
+44 7815 082124, 
+44 7817 606668, 
+44 7823 746474, 
+44 7823 756021, 
+44 7825 542492, 
+44 7825 706779, 
+44 7827 021735, 
+44 7828 979259, 
+44 7830 118316, 
+44 7830 783818, 
+44 7831 997089, 
+44 7831 997892, 
+44 7832 418313, 
+44 7832 903675, 
+44 7832 938818, 
+44 7833 882725, 
+44 7835 010163, 
+44 7835 994848, 
+44 7838 211513, 
+44 7842 913393, 
+44 7845 500890, 
+44 7847 264689, 
+44 7850 070537, 
+44 7853 235464, 
+44 7853 591723, 
+44 7853 966601, 
+44 7854 532534, 
+44 7854 726120, 
+44 7855 545346, 
+44 7857 216939, 
+44 7858 379218, 
+44 7862 441319, 
+44 7863 005505, 
+44 7865 217991, 
+44 7865 448294, 
+44 7867 087253, 
+44 7867 264610, 
+44 7867 283593, 
+44 7867 298731, 
+44 7867 557360, 
+44 7867 581315, 
+44 7869 249125, 
+44 7869 401481, 
+44 7872 145548, 
+44 7873 838516, 
+44 7876 116334, 
+44 7877 265885, 
+44 7878 663034, 
+44 7878 985774, 
+44 7882 025993, 
+44 7882 237328, 
+44 7884 417776, 
+44 7886 741469, 
+44 7887 615782, 
+44 7888 045600, 
+44 7888 182879, 
+44 7888 953184, 
+44 7889 016111, 
+44 7891 539384, 
+44 7896 846046, 
+44 7896 956605, 
+44 7901 506062, 
+44 7901 587433, 
+44 7901 624414, 
+44 7903 738963, 
+44 7904 057908, 
+44 7904 162949, 
+44 7904 693586, 
+44 7904 840070, 
+44 7904 875179, 
+44 7907 501131, 
+44 7908 017625, 
+44 7908 472855, 
+44 7908 912903, 
+44 7909 981857, 
+44 7912 178946, 
+44 7912 354864, 
+44 7913 649285, 
+44 7915 227564, 
+44 7915 273498, 
+44 7915 576518, 
+44 7916 750538, 
+44 7922 787134, 
+44 7923 219388, 
+44 7923 592896, 
+44 7925 401994, 
+44 7925 939000, 
+44 7926 656271, 
+44 7927 368938, 
+44 7927 623670, 
+44 7930 284750, 
+44 7930 462679, 
+44 7930 481017, 
+44 7930 505758, 
+44 7930 732791, 
+44 7930 911965, 
+44 7932 237795, 
+44 7932 511183, 
+44 7932 557885, 
+44 7933 288789, 
+44 7934 214085, 
+44 7935 807536, 
+44 7936 659549, 
+44 7936 818068, 
+44 7938 419206, 
+44 7939 295628, 
+44 7939 361636, 
+44 7939 891775, 
+44 7939 919379, 
+44 7940 258049, 
+44 7940 538146, 
+44 7944 020892, 
+44 7944 252274, 
+44 7944 690134, 
+44 7944 994506, 
+44 7946 015531, 
+44 7946 295271, 
+44 7946 409640, 
+44 7946 725640, 
+44 7946 836346, 
+44 7947 444335, 
+44 7947 560025, 
+44 7947 571698, 
+44 7947 924338, 
+44 7949 865397, 
+44 7951 258422, 
+44 7951 303178, 
+44 7951 371390, 
+44 7951 454864, 
+44 7951 517917, 
+44 7951 589045, 
+44 7951 672853, 
+44 7956 131469, 
+44 7956 141598, 
+44 7956 364106, 
+44 7956 506050, 
+44 7956 646433, 
+44 7956 918575, 
+44 7956 934790, 
+44 7956 962108, 
+44 7957 197740, 
+44 7957 439144, 
+44 7957 786535, 
+44 7958 039149, 
+44 7958 140431, 
+44 7958 545871, 
+44 7958 776664, 
+44 7960 039085, 
+44 7960 174543, 
+44 7961 282011, 
+44 7961 306663, 
+44 7961 315247, 
+44 7961 863629, 
+44 7963 590385, 
+44 7964 860989, 
+44 7966 375428, 
+44 7968 394137, 
+44 7968 941771, 
+44 7970 740217, 
+44 7973 249951, 
+44 7976 122334, 
+44 7979 886646, 
+44 7980 274470, 
+44 7983 079228, 
+44 7983 171401, 
+44 7983 321863, 
+44 7983 347210, 
+44 7983 348610, 
+44 7983 360615, 
+44 7983 885905, 
+44 7985 219936, 
+44 7985 420039, 
+44 7985 663526, 
+44 7985 785448, 
+44 7990 862171, 
+44 7990 949071, 
+44 7999 795524, 
+44 7999 909176, 
+47 978 94 162, 
+49 1521 0155226, 
+49 1521 4622399, 
+49 1575 7928010, 
+49 176 34410344, 
+91 79773 55318, 
+234 809 290 8484, 
+234 814 818 4230, 
+44 7733 781252, 
+44 7799 213420, 
+44 7968 250680, 
+234 706 972 1544, 
+44 7867 288696, 
+44 7552 869398, 
+44 7466 629767, 
+234 703 668 7776, 
+44 7459 339041, 
+234 705 960 9088, 
+44 7599 936375, 
+234 813 939 1813, 
+234 810 647 5427, 
+234 803 446 8064, 
+234 813 526 3863, 
+234 813 954 6422, 
+234 806 042 2725, 
+234 814 083 7220, 
+44 7760 715061, 
+44 7867 265670, 
+1 (639) 471-7102, 
+234 810 809 3964, 
+44 7305 487039, 
+234 703 099 2977, 
+44 7771 095115, 
+44 7361 831686, 
+234 806 775 7848, 
+1 (845) 442-4240, 
+44 7909 399475, 
+44 7901 133298, 
+234 903 987 6112, 
+44 7407 644551, 
+234 905 703 8318, 
+234 706 155 9252, 
+44 7895 514489, 
+1 (782) 377-5523, 
+44 7898 350839, 
+234 803 372 4942, 
+44 7901 040076, 
+44 7909 031504, 
+263 77 934 5941, 
+44 7516 281771, 
+44 7881 941175, 
+44 7879 207936, 
+44 7769 380286, 
+234 703 970 7287, 
+234 802 887 2290, 
+380 93 397 8167, 
+44 7867 291762, 
+234 812 192 9016, 
+44 7852 936734, 
+1 (281) 818-9615, 
+44 7873 504719, 
+44 7405 736592, 
+44 7424 982240, 
+234 703 295 6404, 
+1 (204) 996-9352, 
+1 (250) 572-3113, 
+1 (260) 508-6575, 
+1 (281) 940-9897, 
+1 (306) 515-4366, 
+1 (346) 400-9723, 
+1 (347) 279-4903, 
+1 (347) 539-2686, 
+1 (403) 598-6839, 
+1 (418) 520-8400, 
+1 (431) 334-5824, 
+1 (431) 998-7779, 
+1 (437) 238-4080, 
+1 (437) 260-7216, 
+1 (437) 268-4512, 
+1 (437) 971-8247, 
+1 (437) 984-4010, 
+1 (506) 721-2277, 
+1 (514) 258-6605, 
+1 (519) 991-4848, 
+1 (587) 434-0509, 
+1 (587) 968-7341, 
+1 (618) 303-1212, 
+1 (647) 507-8980, 
+1 (647) 906-7470, 
+1 (682) 230-5051, 
+1 (703) 627-3797, 
+1 (709) 687-7956, 
+1 (714) 331-0612, 
+1 (714) 804-4929, 
+1 (778) 871-4209, 
+1 (832) 282-5403, 
+1 (832) 392-5305, 
+1 (832) 660-2689, 
+1 (905) 391-0509, 
+1 (917) 257-1203, 
+1 (919) 265-8380, 
+1 (973) 393-6739, 
+233 24 031 2003, 
+234 701 661 3774, 
+234 703 009 1993, 
+234 703 025 0863, 
+234 703 123 4414, 
+234 703 166 0476, 
+234 703 365 3940, 
+234 703 402 7402, 
+234 703 414 7549, 
+234 703 454 5999, 
+234 703 497 4518, 
+234 703 574 6319, 
+234 703 633 3558, 
+234 703 676 6800, 
+234 703 752 1454, 
+234 703 825 2358, 
+234 703 867 0319, 
+234 703 953 6683, 
+234 705 100 5076, 
+234 705 419 5682, 
+234 705 667 4381, 
+234 706 088 1520, 
+234 706 225 2152, 
+234 706 230 2127, 
+234 706 380 4900, 
+234 706 381 8071, 
+234 706 390 7995, 
+234 706 449 7781, 
+234 706 520 7398, 
+234 706 595 9530, 
+234 706 758 0599, 
+234 706 947 4887, 
+234 708 007 0561, 
+234 708 692 6883, 
+234 708 840 0176, 
+234 708 848 7195, 
+234 802 070 6776, 
+234 802 211 5895, 
+234 802 222 4753, 
+234 802 301 2584, 
+234 802 307 6689, 
+234 802 340 3408, 
+234 802 363 4264, 
+234 802 379 6290, 
+234 802 391 7490, 
+234 802 392 7192, 
+234 802 432 6001, 
+234 802 478 5655, 
+234 802 544 1491, 
+234 802 557 3772, 
+234 802 569 2394, 
+234 802 573 5095, 
+234 802 579 9840, 
+234 802 735 5996, 
+234 802 831 2874, 
+234 802 840 7802, 
+234 802 840 9880, 
+234 802 941 9662, 
+234 802 943 5042, 
+234 803 042 3142, 
+234 803 042 8877, 
+234 803 061 3259, 
+234 803 075 9614, 
+234 803 099 4621, 
+234 803 201 1278, 
+234 803 212 7253, 
+234 803 232 1949, 
+234 803 310 0080, 
+234 803 311 7595, 
+234 803 321 6278, 
+234 803 323 0026, 
+234 803 332 7013, 
+234 803 338 6511, 
+234 803 375 1673, 
+234 803 380 2046, 
+234 803 382 4610, 
+234 803 383 6475, 
+234 803 394 3132, 
+234 803 398 4252, 
+234 803 408 7341, 
+234 803 427 8581, 
+234 803 446 8158, 
+234 803 459 8452, 
+234 803 471 3870, 
+234 803 483 6572, 
+234 803 492 3605, 
+234 803 546 7950, 
+234 803 553 4289, 
+234 803 616 2158, 
+234 803 620 3486, 
+234 803 634 8360, 
+234 803 650 2092, 
+234 803 651 5834, 
+234 803 765 2444, 
+234 803 830 6606, 
+234 803 834 7704, 
+234 803 837 0895, 
+234 803 911 2230, 
+234 803 918 7217, 
+234 803 977 2861, 
+234 805 284 3021, 
+234 805 355 9561, 
+234 805 512 6931, 
+234 805 557 4284, 
+234 805 577 2451, 
+234 805 582 6810, 
+234 805 585 7241, 
+234 805 627 2387, 
+234 806 019 7215, 
+234 806 064 2225, 
+234 806 083 4327, 
+234 806 212 3691, 
+234 806 219 0817, 
+234 806 236 0658, 
+234 806 253 0105, 
+234 806 274 7742, 
+234 806 283 2223, 
+234 806 294 8063, 
+234 806 360 6858, 
+234 806 618 8913, 
+234 806 701 6150, 
+234 806 917 7929, 
+234 806 932 2116, 
+234 807 032 1072, 
+234 807 476 7509, 
+234 807 629 9822, 
+234 807 649 3502, 
+234 807 864 1663, 
+234 808 214 0556, 
+234 808 719 2266, 
+234 808 889 0975, 
+234 809 326 9884, 
+234 809 377 2910, 
+234 809 530 3548, 
+234 809 785 7976, 
+234 809 787 2935, 
+234 809 820 3853, 
+234 809 850 6749, 
+234 809 965 1949, 
+234 809 998 7000, 
+234 810 100 8956, 
+234 810 126 7754, 
+234 810 409 1333, 
+234 810 484 0215, 
+234 810 534 3097, 
+234 810 661 7355, 
+234 810 714 4030, 
+234 810 747 1025, 
+234 810 822 2414, 
+234 810 842 3548, 
+234 811 929 6968, 
+234 812 055 7937, 
+234 812 128 3034, 
+234 812 237 0925, 
+234 812 453 6312, 
+234 812 664 8490, 
+234 812 669 5105, 
+234 813 016 6408, 
+234 813 032 5253, 
+234 813 035 1353, 
+234 813 048 7296, 
+234 813 096 2846, 
+234 813 204 5957, 
+234 813 295 2793, 
+234 813 512 8755, 
+234 813 519 1569, 
+234 813 616 9591, 
+234 813 666 6076, 
+234 813 750 7356, 
+234 813 814 3706, 
+234 813 828 4021, 
+234 814 038 2421, 
+234 814 189 1845, 
+234 814 229 7153, 
+234 814 444 3872, 
+234 814 672 1922, 
+234 814 688 6744, 
+234 814 871 1295, 
+234 814 936 7427, 
+234 815 518 4697, 
+234 815 609 8201, 
+234 815 636 1791, 
+234 815 715 1011, 
+234 816 047 5707, 
+234 816 170 5833, 
+234 816 219 9600, 
+234 816 263 7190, 
+234 816 329 0188, 
+234 816 523 9788, 
+234 816 844 3570, 
+234 816 919 7122, 
+234 817 453 2629, 
+234 817 497 0141, 
+234 817 764 2008, 
+234 817 915 8589, 
+234 818 004 2952, 
+234 818 141 0919, 
+234 818 301 7251, 
+234 818 478 5785, 
+234 818 481 9360, 
+234 818 511 2209, 
+234 818 579 1250, 
+234 818 866 5728, 
+234 901 076 6671, 
+234 902 367 8738, 
+234 902 616 7954, 
+234 902 656 2041, 
+234 903 010 6809, 
+234 903 261 7181, 
+234 903 424 8152, 
+234 903 661 8624, 
+234 903 861 4523, 
+234 905 085 9055, 
+234 905 769 1484, 
+234 906 411 4781, 
+234 906 431 8501, 
+234 906 565 5452, 
+234 906 749 5943, 
+234 907 332 3005, 
+234 907 773 9383, 
+234 907 893 5076, 
+234 908 044 6682, 
+234 908 547 5728, 
+234 911 645 6925, 
+234 911 658 8706, 
+234 911 896 2537, 
+234 912 929 6433, 
+234 913 015 8783, 
+234 915 741 2249, 
+234 916 263 9222, 
+234 916 361 4929, 
+237 6 78 12 12 66, 
+254 799 802335, 
+263 78 422 7408, 
+27 78 765 2114, 
+353 83 811 9272, 
+353 89 232 5335, 
+353 89 953 6299, 
+380 68 752 1649, 
+380 99 496 1720, 
+44 7305 010157, 
+44 7305 956031, 
+44 7308 689845, 
+44 7311 478844, 
+44 7341 179857, 
+44 7341 818628, 
+44 7342 043688, 
+44 7359 029222, 
+44 7359 212658, 
+44 7359 326556, 
+44 7366 577884, 
+44 7367 754280, 
+44 7368 581494, 
+44 7376 123415, 
+44 7376 977222, 
+44 7379 308845, 
+44 7380 421764, 
+44 7384 335940, 
+44 7384 848512, 
+44 7385 290009, 
+44 7385 845116, 
+44 7387 375685, 
+44 7388 323132, 
+44 7393 151479, 
+44 7393 830395, 
+44 7394 145649, 
+44 7397 248837, 
+44 7399 318778, 
+44 7400 183883, 
+44 7403 073503, 
+44 7403 484414, 
+44 7403 743555, 
+44 7404 034685, 
+44 7404 140410, 
+44 7404 233819, 
+44 7404 419194, 
+44 7404 484225, 
+44 7404 537286, 
+44 7404 636201, 
+44 7404 786083, 
+44 7404 950840, 
+44 7405 144876, 
+44 7405 156937, 
+44 7405 329870, 
+44 7405 428920, 
+44 7405 718889, 
+44 7405 788750, 
+44 7407 066537, 
+44 7407 101624, 
+44 7407 222720, 
+44 7411 010555, 
+44 7412 697120, 
+44 7412 802068, 
+44 7412 803380, 
+44 7414 488181, 
+44 7423 243623, 
+44 7423 509240, 
+44 7423 567644, 
+44 7424 059874, 
+44 7424 495234, 
+44 7424 630069, 
+44 7424 741815, 
+44 7426 559997, 
+44 7426 767118, 
+44 7427 106616, 
+44 7428 763202, 
+44 7435 280043, 
+44 7435 523673, 
+44 7435 566636, 
+44 7436 715296, 
+44 7436 942644, 
+44 7438 283814, 
+44 7438 628995, 
+44 7438 895365, 
+44 7438 956349, 
+44 7440 070582, 
+44 7440 428479, 
+44 7440 543960, 
+44 7440 561698, 
+44 7440 713636, 
+44 7440 779686, 
+44 7442 883370, 
+44 7444 566761, 
+44 7444 954661, 
+44 7445 660213, 
+44 7446 166826, 
+44 7446 262225, 
+44 7446 415759, 
+44 7447 161101, 
+44 7448 264065, 
+44 7448 764054, 
+44 7449 272672, 
+44 7449 767862, 
+44 7450 075182, 
+44 7454 787399, 
+44 7459 325460, 
+44 7459 365940, 
+44 7459 590179, 
+44 7462 905659, 
+44 7464 293854, 
+44 7466 077814, 
+44 7466 463519, 
+44 7466 694781, 
+44 7466 988797, 
+44 7472 445464, 
+44 7472 745297, 
+44 7475 481278, 
+44 7475 686171, 
+44 7476 388910, 
+44 7476 700174, 
+44 7477 559191, 
+44 7477 946494, 
+44 7479 498196, 
+44 7480 793325, 
+44 7482 452040, 
+44 7484 165507, 
+44 7493 122877, 
+44 7493 881921, 
+44 7494 105891, 
+44 7495 028684, 
+44 7495 266189, 
+44 7495 329382, 
+44 7495 835470, 
+44 7498 558017, 
+44 7503 314563, 
+44 7505 824176, 
+44 7506 278082, 
+44 7506 288396, 
+44 7507 313654, 
+44 7507 587744, 
+44 7507 936093, 
+44 7508 249281, 
+44 7508 609835, 
+44 7511 612227, 
+44 7518 567348, 
+44 7518 630992, 
+44 7518 653678, 
+44 7532 280566, 
+44 7533 057066, 
+44 7533 304105, 
+44 7533 432451, 
+44 7533 619486, 
+44 7534 407322, 
+44 7534 607492, 
+44 7535 148285, 
+44 7535 624305, 
+44 7538 798215, 
+44 7538 832468, 
+44 7539 173220, 
+44 7539 852545, 
+44 7540 253371, 
+44 7540 356382, 
+44 7542 866430, 
+44 7543 122766, 
+44 7546 080470, 
+44 7551 440959, 
+44 7552 238082, 
+44 7553 063180, 
+44 7557 132274, 
+44 7557 325268, 
+44 7557 955708, 
+44 7561 475374, 
+44 7565 009557, 
+44 7565 255000, 
+44 7565 391981, 
+44 7570 215004, 
+44 7575 043154, 
+44 7575 406372, 
+44 7575 635034, 
+44 7581 194037, 
+44 7584 493575, 
+44 7584 901134, 
+44 7585 513153, 
+44 7585 715643, 
+44 7587 634378, 
+44 7592 296585, 
+44 7592 677839, 
+44 7595 544000, 
+44 7599 576048, 
+44 7702 057632, 
+44 7703 982175, 
+44 7704 956777, 
+44 7706 398389, 
+44 7710 577399, 
+44 7711 906836, 
+44 7713 927874, 
+44 7718 132413, 
+44 7719 108009, 
+44 7720 604336, 
+44 7722 511316, 
+44 7723 018304, 
+44 7723 449276, 
+44 7725 161413, 
+44 7727 081443, 
+44 7732 737899, 
+44 7733 656223, 
+44 7733 797844, 
+44 7735 344394, 
+44 7735 903885, 
+44 7735 984957, 
+44 7737 335352, 
+44 7737 396268, 
+44 7740 585581, 
+44 7741 546582, 
+44 7741 978186, 
+44 7745 905104, 
+44 7748 590588, 
+44 7756 679609, 
+44 7757 438798, 
+44 7757 713558, 
+44 7759 632822, 
+44 7760 186570, 
+44 7760 805898, 
+44 7760 922593, 
+44 7760 995469, 
+44 7763 640638, 
+44 7765 741810, 
+44 7766 433750, 
+44 7767 178169, 
+44 7767 918721, 
+44 7770 429755, 
+44 7771 081609, 
+44 7771 094081, 
+44 7771 096361, 
+44 7771 215111, 
+44 7771 760993, 
+44 7774 182161, 
+44 7774 830036, 
+44 7776 314588, 
+44 7776 589759, 
+44 7778 026386, 
+44 7778 278910, 
+44 7780 025934, 
+44 7780 069592, 
+44 7780 392379, 
+44 7782 385064, 
+44 7787 686536, 
+44 7789 785273, 
+44 7792 107226, 
+44 7792 929550, 
+44 7795 430536, 
+44 7795 947877, 
+44 7796 082252, 
+44 7796 788168, 
+44 7800 554477, 
+44 7804 320932, 
+44 7807 681143, 
+44 7810 036261, 
+44 7814 292433, 
+44 7815 082124, 
+44 7817 606668, 
+44 7823 746474, 
+44 7823 756021, 
+44 7825 542492, 
+44 7825 706779, 
+44 7827 021735, 
+44 7828 979259, 
+44 7830 118316, 
+44 7830 783818, 
+44 7831 997089, 
+44 7831 997892, 
+44 7832 418313, 
+44 7832 903675, 
+44 7832 938818, 
+44 7833 882725, 
+44 7835 010163, 
+44 7835 994848, 
+44 7838 211513, 
+44 7842 913393, 
+44 7845 500890, 
+44 7847 264689, 
+44 7850 070537, 
+44 7853 235464, 
+44 7853 591723, 
+44 7853 966601, 
+44 7854 532534, 
+44 7854 726120, 
+44 7855 545346, 
+44 7857 216939, 
+44 7858 379218, 
+44 7862 441319, 
+44 7863 005505, 
+44 7865 217991, 
+44 7865 448294, 
+44 7867 087253, 
+44 7867 264610, 
+44 7867 283593, 
+44 7867 298731, 
+44 7867 557360, 
+44 7867 581315, 
+44 7869 249125, 
+44 7869 401481, 
+44 7872 145548, 
+44 7873 838516, 
+44 7876 116334, 
+44 7877 265885, 
+44 7878 663034, 
+44 7878 985774, 
+44 7882 025993, 
+44 7882 237328, 
+44 7884 417776, 
+44 7886 741469, 
+44 7887 615782, 
+44 7888 045600, 
+44 7888 182879, 
+44 7888 953184, 
+44 7889 016111, 
+44 7891 539384, 
+44 7896 846046, 
+44 7896 956605, 
+44 7901 506062, 
+44 7901 587433, 
+44 7901 624414, 
+44 7903 738963, 
+44 7904 057908, 
+44 7904 162949, 
+44 7904 693586, 
+44 7904 840070, 
+44 7904 875179, 
+44 7907 501131, 
+44 7908 017625, 
+44 7908 472855, 
+44 7908 912903, 
+44 7909 981857, 
+44 7912 178946, 
+44 7912 354864, 
+44 7913 649285, 
+44 7915 227564, 
+44 7915 273498, 
+44 7915 576518, 
+44 7916 750538, 
+44 7922 787134, 
+44 7923 219388, 
+44 7923 592896, 
+44 7925 401994, 
+44 7925 939000, 
+44 7926 656271, 
+44 7927 368938, 
+44 7927 623670, 
+44 7930 284750, 
+44 7930 462679, 
+44 7930 481017, 
+44 7930 505758, 
+44 7930 732791, 
+44 7930 911965, 
+44 7932 237795, 
+44 7932 511183, 
+44 7932 557885, 
+44 7933 288789, 
+44 7934 214085, 
+44 7935 807536, 
+44 7936 659549, 
+44 7936 818068, 
+44 7938 419206, 
+44 7939 295628, 
+44 7939 361636, 
+44 7939 891775, 
+44 7939 919379, 
+44 7940 258049, 
+44 7940 538146, 
+44 7944 020892, 
+44 7944 252274, 
+44 7944 690134, 
+44 7944 994506, 
+44 7946 015531, 
+44 7946 295271, 
+44 7946 409640, 
+44 7946 725640, 
+44 7946 836346, 
+44 7947 444335, 
+44 7947 560025, 
+44 7947 571698, 
+44 7947 924338, 
+44 7949 865397, 
+44 7951 258422, 
+44 7951 303178, 
+44 7951 371390, 
+44 7951 454864, 
+44 7951 517917, 
+44 7951 589045, 
+44 7951 672853, 
+44 7956 131469, 
+44 7956 141598, 
+44 7956 364106, 
+44 7956 506050, 
+44 7956 646433, 
+44 7956 918575, 
+44 7956 934790, 
+44 7956 962108, 
+44 7957 197740, 
+44 7957 439144, 
+44 7957 786535, 
+44 7958 039149, 
+44 7958 140431, 
+44 7958 545871, 
+44 7958 776664, 
+44 7960 039085, 
+44 7960 174543, 
+44 7961 282011, 
+44 7961 306663, 
+44 7961 315247, 
+44 7961 863629, 
+44 7963 590385, 
+44 7964 860989, 
+44 7966 375428, 
+44 7968 394137, 
+44 7968 941771, 
+44 7970 740217, 
+44 7973 249951, 
+44 7976 122334, 
+44 7979 886646, 
+44 7980 274470, 
+44 7983 079228, 
+44 7983 171401, 
+44 7983 321863, 
+44 7983 347210, 
+44 7983 348610, 
+44 7983 360615, 
+44 7983 885905, 
+44 7985 219936, 
+44 7985 420039, 
+44 7985 663526, 
+44 7985 785448, 
+44 7990 862171, 
+44 7990 949071, 
+44 7999 795524, 
+44 7999 909176, 
+47 978 94 162, 
+49 1521 0155226, 
+49 1521 4622399, 
+49 1575 7928010, 
+49 176 34410344, 
+91 79773 55318,
