
+2348108093964
+447407644551
+447879207936
+447931914958
+2347032956404
+2347033634142
+2347083536476
+2347085035952
+2348024326001
+2348033566248
+2348033640581
+2348033836475
+2348033972675
+2348035324979
+2348037433924
+2348037960552
+2348062498638
+2348062832223
+2348090221994
+2348099987000
+2348103392750
+2348128756499
+2348135128755
+2348138284021
+2348147454990
+2348168638202
+2348174970141
+2349026107493
+2349047117429
+2349129296433
+2349163614929
+447305956031
+447308683858
+447359029222
+447385290009
+447415109544
+447421520511
+447424255125
+447424640189
+447435601824
+447440428479
+447447257845
+447459325460
+447466574563
+447472445464
+447505824176
+447508545015
+447533432451
+447565335032
+447565867612
+447578828298
+447711906836
+447730794424
+447732128498
+447733656223
+447757438798
+447769387988
+447780392379
+447782385064
+447809611534
+447831997892
+447833882725
+447862477097
+447867318515
+447875125484
+447878730886
+447903186519
+447904086087
+447904976484
+447932659624
+447940758257
+447941044874
+447943148888
+447946836346
+447949028376
+447951558122
+447957688036
+2348108093964
+447407644551
+447879207936
+447931914958
+2347032956404
+2347033634142
+2347083536476
+2347085035952
+2348024326001
+2348033566248
+2348033640581
+2348033836475
+2348033972675
+2348035324979
+2348037433924
+2348037960552
+2348062498638
+2348062832223
+2348090221994
+2348099987000
+2348103392750
+2348128756499
+2348135128755
+2348138284021
+2348147454990
+2348168638202
+2348174970141
+2349026107493
+2349047117429
+2349129296433
+2349163614929
+447305956031
+447308683858
+447359029222
+447385290009
+447415109544
+447421520511
+447424255125
+447424640189
+447435601824
+447440428479
+447447257845
+447459325460
+447466574563
+447472445464
+447505824176
+447508545015
+447533432451
+447565335032
+447565867612
+447578828298
+447711906836
+447730794424
+447732128498
+447733656223
+447757438798
+447769387988
+447780392379
+447782385064
+447809611534
+447831997892
+447833882725
+447862477097
+447867318515
+447875125484
+447878730886
+447903186519
+447904086087
+447904976484
+447932659624
+447940758257
+447941044874
+447943148888
+447946836346
+447949028376
+447951558122
+447957688036
