
+12049969352
+2347040003055
+2347082964648
+2348022775240
+2348023569687
+2348033167891
+2348033824610
+2348037433924
+2348060877836
+2348066188913
+2348104113311
+2348114046530
+447309354922
+447377740369
+447385290009
+447403944531
+447415145032
+447453445757
+447459165287
+447459339041
+447479608278
+447510057098
+447572761237
+447710577399
+447721974948
+447723439379
+447735903885
+447737442394
+447737726841
+447757438798
+447760995469
+447774182161
+447778026386
+447778524742
+447830365634
+447845500890
+447845606907
+447868844959
+447879206618
+447903774067
+447936898348
+447951371390
+447983551257
+447999199950
+12049969352
+2347040003055
+2347082964648
+2348022775240
+2348023569687
+2348033167891
+2348033824610
+2348037433924
+2348060877836
+2348066188913
+2348104113311
+2348114046530
+447309354922
+447377740369
+447385290009
+447403944531
+447415145032
+447453445757
+447459165287
+447459339041
+447479608278
+447510057098
+447572761237
+447710577399
+447721974948
+447723439379
+447735903885
+447737442394
+447737726841
+447757438798
+447760995469
+447774182161
+447778026386
+447778524742
+447830365634
+447845500890
+447845606907
+447868844959
+447879206618
+447903774067
+447936898348
+447951371390
+447983551257
+447999199950
