
+2348092908484
+2348148184230
+447733781252
+447799213420
+447968250680
+2347069721544
+447867288696
+447552869398
+447466629767
+2347036687776
+447459339041
+2347059609088
+447599936375
+2348139391813
+2348106475427
+2348034468064
+2348135263863
+2348139546422
+2348060422725
+2348140837220
+447760715061
+447867265670
+16394717102
+2348108093964
+447305487039
+2347030992977
+447771095115
+447361831686
+2348067757848
+18454424240
+447909399475
+447901133298
+2349039876112
+447407644551
+2349057038318
+2347061559252
+447895514489
+17823775523
+447898350839
+2348033724942
+447901040076
+447909031504
+263779345941
+447516281771
+447881941175
+447879207936
+447769380286
+2347039707287
+2348028872290
+380933978167
+447867291762
+2348121929016
+447852936734
+12818189615
+447873504719
+447405736592
+447424982240
+2347032956404
+12049969352
+12505723113
+12605086575
+12819409897
+13065154366
+13464009723
+13472794903
+13475392686
+14035986839
+14185208400
+14313345824
+14319987779
+14372384080
+14372607216
+14372684512
+14379718247
+14379844010
+15067212277
+15142586605
+15199914848
+15874340509
+15879687341
+16183031212
+16475078980
+16479067470
+16822305051
+17036273797
+17096877956
+17143310612
+17148044929
+17788714209
+18322825403
+18323925305
+18326602689
+19053910509
+19172571203
+19192658380
+19733936739
+233240312003
+2347016613774
+2347030091993
+2347030250863
+2347031234414
+2347031660476
+2347033653940
+2347034027402
+2347034147549
+2347034545999
+2347034974518
+2347035746319
+2347036333558
+2347036766800
+2347037521454
+2347038252358
+2347038670319
+2347039536683
+2347051005076
+2347054195682
+2347056674381
+2347060881520
+2347062252152
+2347062302127
+2347063804900
+2347063818071
+2347063907995
+2347064497781
+2347065207398
+2347065959530
+2347067580599
+2347069474887
+2347080070561
+2347086926883
+2347088400176
+2347088487195
+2348020706776
+2348022115895
+2348022224753
+2348023012584
+2348023076689
+2348023403408
+2348023634264
+2348023796290
+2348023917490
+2348023927192
+2348024326001
+2348024785655
+2348025441491
+2348025573772
+2348025692394
+2348025735095
+2348025799840
+2348027355996
+2348028312874
+2348028407802
+2348028409880
+2348029419662
+2348029435042
+2348030423142
+2348030428877
+2348030613259
+2348030759614
+2348030994621
+2348032011278
+2348032127253
+2348032321949
+2348033100080
+2348033117595
+2348033216278
+2348033230026
+2348033327013
+2348033386511
+2348033751673
+2348033802046
+2348033824610
+2348033836475
+2348033943132
+2348033984252
+2348034087341
+2348034278581
+2348034468158
+2348034598452
+2348034713870
+2348034836572
+2348034923605
+2348035467950
+2348035534289
+2348036162158
+2348036203486
+2348036348360
+2348036502092
+2348036515834
+2348037652444
+2348038306606
+2348038347704
+2348038370895
+2348039112230
+2348039187217
+2348039772861
+2348052843021
+2348053559561
+2348055126931
+2348055574284
+2348055772451
+2348055826810
+2348055857241
+2348056272387
+2348060197215
+2348060642225
+2348060834327
+2348062123691
+2348062190817
+2348062360658
+2348062530105
+2348062747742
+2348062832223
+2348062948063
+2348063606858
+2348066188913
+2348067016150
+2348069177929
+2348069322116
+2348070321072
+2348074767509
+2348076299822
+2348076493502
+2348078641663
+2348082140556
+2348087192266
+2348088890975
+2348093269884
+2348093772910
+2348095303548
+2348097857976
+2348097872935
+2348098203853
+2348098506749
+2348099651949
+2348099987000
+2348101008956
+2348101267754
+2348104091333
+2348104840215
+2348105343097
+2348106617355
+2348107144030
+2348107471025
+2348108222414
+2348108423548
+2348119296968
+2348120557937
+2348121283034
+2348122370925
+2348124536312
+2348126648490
+2348126695105
+2348130166408
+2348130325253
+2348130351353
+2348130487296
+2348130962846
+2348132045957
+2348132952793
+2348135128755
+2348135191569
+2348136169591
+2348136666076
+2348137507356
+2348138143706
+2348138284021
+2348140382421
+2348141891845
+2348142297153
+2348144443872
+2348146721922
+2348146886744
+2348148711295
+2348149367427
+2348155184697
+2348156098201
+2348156361791
+2348157151011
+2348160475707
+2348161705833
+2348162199600
+2348162637190
+2348163290188
+2348165239788
+2348168443570
+2348169197122
+2348174532629
+2348174970141
+2348177642008
+2348179158589
+2348180042952
+2348181410919
+2348183017251
+2348184785785
+2348184819360
+2348185112209
+2348185791250
+2348188665728
+2349010766671
+2349023678738
+2349026167954
+2349026562041
+2349030106809
+2349032617181
+2349034248152
+2349036618624
+2349038614523
+2349050859055
+2349057691484
+2349064114781
+2349064318501
+2349065655452
+2349067495943
+2349073323005
+2349077739383
+2349078935076
+2349080446682
+2349085475728
+2349116456925
+2349116588706
+2349118962537
+2349129296433
+2349130158783
+2349157412249
+2349162639222
+2349163614929
+237678121266
+254799802335
+263784227408
+27787652114
+353838119272
+353892325335
+353899536299
+380687521649
+380994961720
+447305010157
+447305956031
+447308689845
+447311478844
+447341179857
+447341818628
+447342043688
+447359029222
+447359212658
+447359326556
+447366577884
+447367754280
+447368581494
+447376123415
+447376977222
+447379308845
+447380421764
+447384335940
+447384848512
+447385290009
+447385845116
+447387375685
+447388323132
+447393151479
+447393830395
+447394145649
+447397248837
+447399318778
+447400183883
+447403073503
+447403484414
+447403743555
+447404034685
+447404140410
+447404233819
+447404419194
+447404484225
+447404537286
+447404636201
+447404786083
+447404950840
+447405144876
+447405156937
+447405329870
+447405428920
+447405718889
+447405788750
+447407066537
+447407101624
+447407222720
+447411010555
+447412697120
+447412802068
+447412803380
+447414488181
+447423243623
+447423509240
+447423567644
+447424059874
+447424495234
+447424630069
+447424741815
+447426559997
+447426767118
+447427106616
+447428763202
+447435280043
+447435523673
+447435566636
+447436715296
+447436942644
+447438283814
+447438628995
+447438895365
+447438956349
+447440070582
+447440428479
+447440543960
+447440561698
+447440713636
+447440779686
+447442883370
+447444566761
+447444954661
+447445660213
+447446166826
+447446262225
+447446415759
+447447161101
+447448264065
+447448764054
+447449272672
+447449767862
+447450075182
+447454787399
+447459325460
+447459365940
+447459590179
+447462905659
+447464293854
+447466077814
+447466463519
+447466694781
+447466988797
+447472445464
+447472745297
+447475481278
+447475686171
+447476388910
+447476700174
+447477559191
+447477946494
+447479498196
+447480793325
+447482452040
+447484165507
+447493122877
+447493881921
+447494105891
+447495028684
+447495266189
+447495329382
+447495835470
+447498558017
+447503314563
+447505824176
+447506278082
+447506288396
+447507313654
+447507587744
+447507936093
+447508249281
+447508609835
+447511612227
+447518567348
+447518630992
+447518653678
+447532280566
+447533057066
+447533304105
+447533432451
+447533619486
+447534407322
+447534607492
+447535148285
+447535624305
+447538798215
+447538832468
+447539173220
+447539852545
+447540253371
+447540356382
+447542866430
+447543122766
+447546080470
+447551440959
+447552238082
+447553063180
+447557132274
+447557325268
+447557955708
+447561475374
+447565009557
+447565255000
+447565391981
+447570215004
+447575043154
+447575406372
+447575635034
+447581194037
+447584493575
+447584901134
+447585513153
+447585715643
+447587634378
+447592296585
+447592677839
+447595544000
+447599576048
+447702057632
+447703982175
+447704956777
+447706398389
+447710577399
+447711906836
+447713927874
+447718132413
+447719108009
+447720604336
+447722511316
+447723018304
+447723449276
+447725161413
+447727081443
+447732737899
+447733656223
+447733797844
+447735344394
+447735903885
+447735984957
+447737335352
+447737396268
+447740585581
+447741546582
+447741978186
+447745905104
+447748590588
+447756679609
+447757438798
+447757713558
+447759632822
+447760186570
+447760805898
+447760922593
+447760995469
+447763640638
+447765741810
+447766433750
+447767178169
+447767918721
+447770429755
+447771081609
+447771094081
+447771096361
+447771215111
+447771760993
+447774182161
+447774830036
+447776314588
+447776589759
+447778026386
+447778278910
+447780025934
+447780069592
+447780392379
+447782385064
+447787686536
+447789785273
+447792107226
+447792929550
+447795430536
+447795947877
+447796082252
+447796788168
+447800554477
+447804320932
+447807681143
+447810036261
+447814292433
+447815082124
+447817606668
+447823746474
+447823756021
+447825542492
+447825706779
+447827021735
+447828979259
+447830118316
+447830783818
+447831997089
+447831997892
+447832418313
+447832903675
+447832938818
+447833882725
+447835010163
+447835994848
+447838211513
+447842913393
+447845500890
+447847264689
+447850070537
+447853235464
+447853591723
+447853966601
+447854532534
+447854726120
+447855545346
+447857216939
+447858379218
+447862441319
+447863005505
+447865217991
+447865448294
+447867087253
+447867264610
+447867283593
+447867298731
+447867557360
+447867581315
+447869249125
+447869401481
+447872145548
+447873838516
+447876116334
+447877265885
+447878663034
+447878985774
+447882025993
+447882237328
+447884417776
+447886741469
+447887615782
+447888045600
+447888182879
+447888953184
+447889016111
+447891539384
+447896846046
+447896956605
+447901506062
+447901587433
+447901624414
+447903738963
+447904057908
+447904162949
+447904693586
+447904840070
+447904875179
+447907501131
+447908017625
+447908472855
+447908912903
+447909981857
+447912178946
+447912354864
+447913649285
+447915227564
+447915273498
+447915576518
+447916750538
+447922787134
+447923219388
+447923592896
+447925401994
+447925939000
+447926656271
+447927368938
+447927623670
+447930284750
+447930462679
+447930481017
+447930505758
+447930732791
+447930911965
+447932237795
+447932511183
+447932557885
+447933288789
+447934214085
+447935807536
+447936659549
+447936818068
+447938419206
+447939295628
+447939361636
+447939891775
+447939919379
+447940258049
+447940538146
+447944020892
+447944252274
+447944690134
+447944994506
+447946015531
+447946295271
+447946409640
+447946725640
+447946836346
+447947444335
+447947560025
+447947571698
+447947924338
+447949865397
+447951258422
+447951303178
+447951371390
+447951454864
+447951517917
+447951589045
+447951672853
+447956131469
+447956141598
+447956364106
+447956506050
+447956646433
+447956918575
+447956934790
+447956962108
+447957197740
+447957439144
+447957786535
+447958039149
+447958140431
+447958545871
+447958776664
+447960039085
+447960174543
+447961282011
+447961306663
+447961315247
+447961863629
+447963590385
+447964860989
+447966375428
+447968394137
+447968941771
+447970740217
+447973249951
+447976122334
+447979886646
+447980274470
+447983079228
+447983171401
+447983321863
+447983347210
+447983348610
+447983360615
+447983885905
+447985219936
+447985420039
+447985663526
+447985785448
+447990862171
+447990949071
+447999795524
+447999909176
+4797894162
+4915210155226
+4915214622399
+4915757928010
+4917634410344
+917977355318
+2348092908484
+2348148184230
+447733781252
+447799213420
+447968250680
+2347069721544
+447867288696
+447552869398
+447466629767
+2347036687776
+447459339041
+2347059609088
+447599936375
+2348139391813
+2348106475427
+2348034468064
+2348135263863
+2348139546422
+2348060422725
+2348140837220
+447760715061
+447867265670
+16394717102
+2348108093964
+447305487039
+2347030992977
+447771095115
+447361831686
+2348067757848
+18454424240
+447909399475
+447901133298
+2349039876112
+447407644551
+2349057038318
+2347061559252
+447895514489
+17823775523
+447898350839
+2348033724942
+447901040076
+447909031504
+263779345941
+447516281771
+447881941175
+447879207936
+447769380286
+2347039707287
+2348028872290
+380933978167
+447867291762
+2348121929016
+447852936734
+12818189615
+447873504719
+447405736592
+447424982240
+2347032956404
+12049969352
+12505723113
+12605086575
+12819409897
+13065154366
+13464009723
+13472794903
+13475392686
+14035986839
+14185208400
+14313345824
+14319987779
+14372384080
+14372607216
+14372684512
+14379718247
+14379844010
+15067212277
+15142586605
+15199914848
+15874340509
+15879687341
+16183031212
+16475078980
+16479067470
+16822305051
+17036273797
+17096877956
+17143310612
+17148044929
+17788714209
+18322825403
+18323925305
+18326602689
+19053910509
+19172571203
+19192658380
+19733936739
+233240312003
+2347016613774
+2347030091993
+2347030250863
+2347031234414
+2347031660476
+2347033653940
+2347034027402
+2347034147549
+2347034545999
+2347034974518
+2347035746319
+2347036333558
+2347036766800
+2347037521454
+2347038252358
+2347038670319
+2347039536683
+2347051005076
+2347054195682
+2347056674381
+2347060881520
+2347062252152
+2347062302127
+2347063804900
+2347063818071
+2347063907995
+2347064497781
+2347065207398
+2347065959530
+2347067580599
+2347069474887
+2347080070561
+2347086926883
+2347088400176
+2347088487195
+2348020706776
+2348022115895
+2348022224753
+2348023012584
+2348023076689
+2348023403408
+2348023634264
+2348023796290
+2348023917490
+2348023927192
+2348024326001
+2348024785655
+2348025441491
+2348025573772
+2348025692394
+2348025735095
+2348025799840
+2348027355996
+2348028312874
+2348028407802
+2348028409880
+2348029419662
+2348029435042
+2348030423142
+2348030428877
+2348030613259
+2348030759614
+2348030994621
+2348032011278
+2348032127253
+2348032321949
+2348033100080
+2348033117595
+2348033216278
+2348033230026
+2348033327013
+2348033386511
+2348033751673
+2348033802046
+2348033824610
+2348033836475
+2348033943132
+2348033984252
+2348034087341
+2348034278581
+2348034468158
+2348034598452
+2348034713870
+2348034836572
+2348034923605
+2348035467950
+2348035534289
+2348036162158
+2348036203486
+2348036348360
+2348036502092
+2348036515834
+2348037652444
+2348038306606
+2348038347704
+2348038370895
+2348039112230
+2348039187217
+2348039772861
+2348052843021
+2348053559561
+2348055126931
+2348055574284
+2348055772451
+2348055826810
+2348055857241
+2348056272387
+2348060197215
+2348060642225
+2348060834327
+2348062123691
+2348062190817
+2348062360658
+2348062530105
+2348062747742
+2348062832223
+2348062948063
+2348063606858
+2348066188913
+2348067016150
+2348069177929
+2348069322116
+2348070321072
+2348074767509
+2348076299822
+2348076493502
+2348078641663
+2348082140556
+2348087192266
+2348088890975
+2348093269884
+2348093772910
+2348095303548
+2348097857976
+2348097872935
+2348098203853
+2348098506749
+2348099651949
+2348099987000
+2348101008956
+2348101267754
+2348104091333
+2348104840215
+2348105343097
+2348106617355
+2348107144030
+2348107471025
+2348108222414
+2348108423548
+2348119296968
+2348120557937
+2348121283034
+2348122370925
+2348124536312
+2348126648490
+2348126695105
+2348130166408
+2348130325253
+2348130351353
+2348130487296
+2348130962846
+2348132045957
+2348132952793
+2348135128755
+2348135191569
+2348136169591
+2348136666076
+2348137507356
+2348138143706
+2348138284021
+2348140382421
+2348141891845
+2348142297153
+2348144443872
+2348146721922
+2348146886744
+2348148711295
+2348149367427
+2348155184697
+2348156098201
+2348156361791
+2348157151011
+2348160475707
+2348161705833
+2348162199600
+2348162637190
+2348163290188
+2348165239788
+2348168443570
+2348169197122
+2348174532629
+2348174970141
+2348177642008
+2348179158589
+2348180042952
+2348181410919
+2348183017251
+2348184785785
+2348184819360
+2348185112209
+2348185791250
+2348188665728
+2349010766671
+2349023678738
+2349026167954
+2349026562041
+2349030106809
+2349032617181
+2349034248152
+2349036618624
+2349038614523
+2349050859055
+2349057691484
+2349064114781
+2349064318501
+2349065655452
+2349067495943
+2349073323005
+2349077739383
+2349078935076
+2349080446682
+2349085475728
+2349116456925
+2349116588706
+2349118962537
+2349129296433
+2349130158783
+2349157412249
+2349162639222
+2349163614929
+237678121266
+254799802335
+263784227408
+27787652114
+353838119272
+353892325335
+353899536299
+380687521649
+380994961720
+447305010157
+447305956031
+447308689845
+447311478844
+447341179857
+447341818628
+447342043688
+447359029222
+447359212658
+447359326556
+447366577884
+447367754280
+447368581494
+447376123415
+447376977222
+447379308845
+447380421764
+447384335940
+447384848512
+447385290009
+447385845116
+447387375685
+447388323132
+447393151479
+447393830395
+447394145649
+447397248837
+447399318778
+447400183883
+447403073503
+447403484414
+447403743555
+447404034685
+447404140410
+447404233819
+447404419194
+447404484225
+447404537286
+447404636201
+447404786083
+447404950840
+447405144876
+447405156937
+447405329870
+447405428920
+447405718889
+447405788750
+447407066537
+447407101624
+447407222720
+447411010555
+447412697120
+447412802068
+447412803380
+447414488181
+447423243623
+447423509240
+447423567644
+447424059874
+447424495234
+447424630069
+447424741815
+447426559997
+447426767118
+447427106616
+447428763202
+447435280043
+447435523673
+447435566636
+447436715296
+447436942644
+447438283814
+447438628995
+447438895365
+447438956349
+447440070582
+447440428479
+447440543960
+447440561698
+447440713636
+447440779686
+447442883370
+447444566761
+447444954661
+447445660213
+447446166826
+447446262225
+447446415759
+447447161101
+447448264065
+447448764054
+447449272672
+447449767862
+447450075182
+447454787399
+447459325460
+447459365940
+447459590179
+447462905659
+447464293854
+447466077814
+447466463519
+447466694781
+447466988797
+447472445464
+447472745297
+447475481278
+447475686171
+447476388910
+447476700174
+447477559191
+447477946494
+447479498196
+447480793325
+447482452040
+447484165507
+447493122877
+447493881921
+447494105891
+447495028684
+447495266189
+447495329382
+447495835470
+447498558017
+447503314563
+447505824176
+447506278082
+447506288396
+447507313654
+447507587744
+447507936093
+447508249281
+447508609835
+447511612227
+447518567348
+447518630992
+447518653678
+447532280566
+447533057066
+447533304105
+447533432451
+447533619486
+447534407322
+447534607492
+447535148285
+447535624305
+447538798215
+447538832468
+447539173220
+447539852545
+447540253371
+447540356382
+447542866430
+447543122766
+447546080470
+447551440959
+447552238082
+447553063180
+447557132274
+447557325268
+447557955708
+447561475374
+447565009557
+447565255000
+447565391981
+447570215004
+447575043154
+447575406372
+447575635034
+447581194037
+447584493575
+447584901134
+447585513153
+447585715643
+447587634378
+447592296585
+447592677839
+447595544000
+447599576048
+447702057632
+447703982175
+447704956777
+447706398389
+447710577399
+447711906836
+447713927874
+447718132413
+447719108009
+447720604336
+447722511316
+447723018304
+447723449276
+447725161413
+447727081443
+447732737899
+447733656223
+447733797844
+447735344394
+447735903885
+447735984957
+447737335352
+447737396268
+447740585581
+447741546582
+447741978186
+447745905104
+447748590588
+447756679609
+447757438798
+447757713558
+447759632822
+447760186570
+447760805898
+447760922593
+447760995469
+447763640638
+447765741810
+447766433750
+447767178169
+447767918721
+447770429755
+447771081609
+447771094081
+447771096361
+447771215111
+447771760993
+447774182161
+447774830036
+447776314588
+447776589759
+447778026386
+447778278910
+447780025934
+447780069592
+447780392379
+447782385064
+447787686536
+447789785273
+447792107226
+447792929550
+447795430536
+447795947877
+447796082252
+447796788168
+447800554477
+447804320932
+447807681143
+447810036261
+447814292433
+447815082124
+447817606668
+447823746474
+447823756021
+447825542492
+447825706779
+447827021735
+447828979259
+447830118316
+447830783818
+447831997089
+447831997892
+447832418313
+447832903675
+447832938818
+447833882725
+447835010163
+447835994848
+447838211513
+447842913393
+447845500890
+447847264689
+447850070537
+447853235464
+447853591723
+447853966601
+447854532534
+447854726120
+447855545346
+447857216939
+447858379218
+447862441319
+447863005505
+447865217991
+447865448294
+447867087253
+447867264610
+447867283593
+447867298731
+447867557360
+447867581315
+447869249125
+447869401481
+447872145548
+447873838516
+447876116334
+447877265885
+447878663034
+447878985774
+447882025993
+447882237328
+447884417776
+447886741469
+447887615782
+447888045600
+447888182879
+447888953184
+447889016111
+447891539384
+447896846046
+447896956605
+447901506062
+447901587433
+447901624414
+447903738963
+447904057908
+447904162949
+447904693586
+447904840070
+447904875179
+447907501131
+447908017625
+447908472855
+447908912903
+447909981857
+447912178946
+447912354864
+447913649285
+447915227564
+447915273498
+447915576518
+447916750538
+447922787134
+447923219388
+447923592896
+447925401994
+447925939000
+447926656271
+447927368938
+447927623670
+447930284750
+447930462679
+447930481017
+447930505758
+447930732791
+447930911965
+447932237795
+447932511183
+447932557885
+447933288789
+447934214085
+447935807536
+447936659549
+447936818068
+447938419206
+447939295628
+447939361636
+447939891775
+447939919379
+447940258049
+447940538146
+447944020892
+447944252274
+447944690134
+447944994506
+447946015531
+447946295271
+447946409640
+447946725640
+447946836346
+447947444335
+447947560025
+447947571698
+447947924338
+447949865397
+447951258422
+447951303178
+447951371390
+447951454864
+447951517917
+447951589045
+447951672853
+447956131469
+447956141598
+447956364106
+447956506050
+447956646433
+447956918575
+447956934790
+447956962108
+447957197740
+447957439144
+447957786535
+447958039149
+447958140431
+447958545871
+447958776664
+447960039085
+447960174543
+447961282011
+447961306663
+447961315247
+447961863629
+447963590385
+447964860989
+447966375428
+447968394137
+447968941771
+447970740217
+447973249951
+447976122334
+447979886646
+447980274470
+447983079228
+447983171401
+447983321863
+447983347210
+447983348610
+447983360615
+447983885905
+447985219936
+447985420039
+447985663526
+447985785448
+447990862171
+447990949071
+447999795524
+447999909176
+4797894162
+4915210155226
+4915214622399
+4915757928010
+4917634410344
+917977355318
