+2348092908484
+447799213420
+447466629767
+2347036687776
+2348099448316
+2348139546422
+16394717102
+2348108093964
+2347030992977
+447771095115
+2348067757848
+18454424240
+447909399475
+447407644551
+447895514489
+2348050538004
+2348033724942
+447462735119
+447516281771
+447879207936
+447769380286
+2347039707287
+2347035957050
+2348028872290
+12818189615
+447873504719
+61414916303
+447405736592
+447424982240
+2347032956404
+12049969352
+12404764218
+12817367690
+13018508392
+13176549595
+13464009723
+13472794903
+13475392686
+14185208400
+14313345824
+15067212277
+16183031212
+16822305051
+17036273797
+17133409694
+17732404144
+18326602689
+18329071736
+19053910509
+19172571203
+19192658380
+233240312003
+2347031311911
+2347031660476
+2347035746319
+2347037521454
+2347038252358
+2347039060109
+2347051005076
+2347056674381
+2347063818071
+2347064497781
+2347065959530
+2347066680988
+2347080070561
+2347086926883
+2348022224753
+2348022225423
+2348023012584
+2348023072187
+2348023076689
+2348023634264
+2348024326001
+2348025441491
+2348025692394
+2348025799840
+2348028379780
+2348029435042
+2348030613259
+2348030994621
+2348032321949
+2348033100080
+2348033216278
+2348033230026
+2348033340276
+2348034278581
+2348034836572
+2348034983609
+2348035534289
+2348035615951
+2348036162158
+2348036348360
+2348037262994
+2348037960552
+2348038634472
+2348039187217
+2348055126931
+2348055574284
+2348055772451
+2348055826810
+2348055857241
+2348057205132
+2348060197215
+2348060642225
+2348060658115
+2348060877836
+2348062347227
+2348062832223
+2348063934567
+2348066188913
+2348069130626
+2348070321072
+2348074767509
+2348076493502
+2348078641663
+2348082140556
+2348088890975
+2348095303548
+2348098203853
+2348121283034
+2348121641949
+2348126648490
+2348127224822
+2348130487296
+2348130962846
+2348132952793
+2348135128755
+2348136666076
+2348138284021
+2348148711295
+2348157151011
+2348159822132
+2348160681697
+2348161705833
+2348162199600
+2348165024232
+2348165239788
+2348165955699
+2348168443570
+2348174970141
+2348179158589
+2348180042952
+2348185112209
+2349026562041
+2349050859055
+2349059067141
+2349080446682
+2349092327078
+2349129296433
+2349157412249
+2349161492258
+263784227408
+353892325335
+380687521649
+380994961720
+447308689845
+447311478844
+447341179857
+447342284931
+447359212658
+447359326556
+447359337375
+447367754280
+447368581494
+447380421764
+447385290009
+447385845116
+447388323132
+447393151479
+447394145649
+447397248837
+447402896361
+447403743555
+447404034685
+447404636201
+447404786083
+447405156937
+447405718889
+447407101624
+447412697120
+447414488181
+447417583785
+447426767118
+447436942644
+447437189541
+447438628995
+447438895365
+447440249400
+447440428479
+447440561698
+447440713636
+447442883370
+447443817883
+447444566761
+447445660213
+447446262225
+447446415759
+447447712444
+447448764054
+447449272672
+447459165287
+447462085271
+447466574563
+447472745297
+447479498196
+447484165507
+447490734574
+447494105891
+447495028684
+447495266189
+447495329382
+447495945075
+447503314563
+447505824176
+447506278082
+447506288396
+447507587744
+447508249281
+447518567348
+447518630992
+447518653678
+447530116500
+447532280566
+447533293244
+447533619486
+447534309842
+447538832468
+447540253371
+447540356382
+447543122766
+447546765975
+447552238082
+447553143296
+447557646726
+447557952059
+447557955708
+447565391981
+447575043154
+447575406372
+447575635034
+447578928667
+447584038505
+447584493575
+447584901134
+447592296585
+447592677839
+447599576048
+447702057632
+447703982175
+447704956777
+447710015198
+447710577399
+447711573690
+447714434312
+447718132413
+447722511316
+447723018304
+447723449276
+447729547867
+447733656223
+447735344394
+447735984957
+447737396268
+447740585581
+447748590588
+447757438798
+447759632822
+447765741810
+447766433750
+447771096361
+447771215111
+447771760993
+447774182161
+447776589759
+447778026386
+447780966034
+447782385064
+447783322850
+447787686536
+447792107226
+447795947877
+447796071054
+447815082124
+447817606668
+447823756021
+447823939201
+447825542492
+447825706779
+447825727111
+447830118316
+447830783818
+447831997089
+447832418313
+447832938818
+447833882725
+447847264689
+447850070537
+447851936192
+447853235464
+447853591723
+447853966601
+447854532534
+447854564076
+447854726120
+447855545346
+447858379218
+447862354154
+447865217991
+447867264610
+447867581315
+447868844959
+447869401481
+447869577350
+447872145548
+447873838516
+447876116334
+447878895646
+447884417776
+447886741469
+447888182879
+447888953184
+447889016111
+447896806430
+447896846046
+447896956605
+447901506062
+447901624414
+447903456625
+447903690996
+447904057908
+447904840070
+447907501131
+447908017625
+447908472855
+447912178946
+447912354864
+447913649285
+447914925888
+447916750538
+447923219388
+447923592896
+447925401994
+447926656271
+447927119008
+447927623670
+447930481017
+447930505758
+447930911965
+447932237795
+447933288789
+447934214085
+447936659549
+447936818068
+447939919379
+447940491843
+447943333829
+447944690134
+447946385672
+447946409640
+447947924338
+447949028376
+447949865397
+447951303178
+447951371390
+447951454864
+447951589045
+447956131469
+447956506050
+447956918575
+447956962108
+447957197740
+447957439144
+447958140431
+447958545871
+447961315247
+447966375428
+447970740217
+447973249951
+447976122334
+447980274470
+447983079228
+447983360615
+447985219936
+447985420039
+447985663526
+447985785448
+447988943776
+447990862171
+447990949071
+447999909176
+4797894162
+971529908377
+2348092908484
+447799213420
+447466629767
+2347036687776
+2348099448316
+2348139546422
+16394717102
+2348108093964
+2347030992977
+447771095115
+2348067757848
+18454424240
+447909399475
+447407644551
+447895514489
+2348050538004
+2348033724942
+447462735119
+447516281771
+447879207936
+447769380286
+2347039707287
+2347035957050
+2348028872290
+12818189615
+447873504719
+61414916303
+447405736592
+447424982240
+2347032956404
+12049969352
+12404764218
+12817367690
+13018508392
+13176549595
+13464009723
+13472794903
+13475392686
+14185208400
+14313345824
+15067212277
+16183031212
+16822305051
+17036273797
+17133409694
+17732404144
+18326602689
+18329071736
+19053910509
+19172571203
+19192658380
+233240312003
+2347031311911
+2347031660476
+2347035746319
+2347037521454
+2347038252358
+2347039060109
+2347051005076
+2347056674381
+2347063818071
+2347064497781
+2347065959530
+2347066680988
+2347080070561
+2347086926883
+2348022224753
+2348022225423
+2348023012584
+2348023072187
+2348023076689
+2348023634264
+2348024326001
+2348025441491
+2348025692394
+2348025799840
+2348028379780
+2348029435042
+2348030613259
+2348030994621
+2348032321949
+2348033100080
+2348033216278
+2348033230026
+2348033340276
+2348034278581
+2348034836572
+2348034983609
+2348035534289
+2348035615951
+2348036162158
+2348036348360
+2348037262994
+2348037960552
+2348038634472
+2348039187217
+2348055126931
+2348055574284
+2348055772451
+2348055826810
+2348055857241
+2348057205132
+2348060197215
+2348060642225
+2348060658115
+2348060877836
+2348062347227
+2348062832223
+2348063934567
+2348066188913
+2348069130626
+2348070321072
+2348074767509
+2348076493502
+2348078641663
+2348082140556
+2348088890975
+2348095303548
+2348098203853
+2348121283034
+2348121641949
+2348126648490
+2348127224822
+2348130487296
+2348130962846
+2348132952793
+2348135128755
+2348136666076
+2348138284021
+2348148711295
+2348157151011
+2348159822132
+2348160681697
+2348161705833
+2348162199600
+2348165024232
+2348165239788
+2348165955699
+2348168443570
+2348174970141
+2348179158589
+2348180042952
+2348185112209
+2349026562041
+2349050859055
+2349059067141
+2349080446682
+2349092327078
+2349129296433
+2349157412249
+2349161492258
+263784227408
+353892325335
+380687521649
+380994961720
+447308689845
+447311478844
+447341179857
+447342284931
+447359212658
+447359326556
+447359337375
+447367754280
+447368581494
+447380421764
+447385290009
+447385845116
+447388323132
+447393151479
+447394145649
+447397248837
+447402896361
+447403743555
+447404034685
+447404636201
+447404786083
+447405156937
+447405718889
+447407101624
+447412697120
+447414488181
+447417583785
+447426767118
+447436942644
+447437189541
+447438628995
+447438895365
+447440249400
+447440428479
+447440561698
+447440713636
+447442883370
+447443817883
+447444566761
+447445660213
+447446262225
+447446415759
+447447712444
+447448764054
+447449272672
+447459165287
+447462085271
+447466574563
+447472745297
+447479498196
+447484165507
+447490734574
+447494105891
+447495028684
+447495266189
+447495329382
+447495945075
+447503314563
+447505824176
+447506278082
+447506288396
+447507587744
+447508249281
+447518567348
+447518630992
+447518653678
+447530116500
+447532280566
+447533293244
+447533619486
+447534309842
+447538832468
+447540253371
+447540356382
+447543122766
+447546765975
+447552238082
+447553143296
+447557646726
+447557952059
+447557955708
+447565391981
+447575043154
+447575406372
+447575635034
+447578928667
+447584038505
+447584493575
+447584901134
+447592296585
+447592677839
+447599576048
+447702057632
+447703982175
+447704956777
+447710015198
+447710577399
+447711573690
+447714434312
+447718132413
+447722511316
+447723018304
+447723449276
+447729547867
+447733656223
+447735344394
+447735984957
+447737396268
+447740585581
+447748590588
+447757438798
+447759632822
+447765741810
+447766433750
+447771096361
+447771215111
+447771760993
+447774182161
+447776589759
+447778026386
+447780966034
+447782385064
+447783322850
+447787686536
+447792107226
+447795947877
+447796071054
+447815082124
+447817606668
+447823756021
+447823939201
+447825542492
+447825706779
+447825727111
+447830118316
+447830783818
+447831997089
+447832418313
+447832938818
+447833882725
+447847264689
+447850070537
+447851936192
+447853235464
+447853591723
+447853966601
+447854532534
+447854564076
+447854726120
+447855545346
+447858379218
+447862354154
+447865217991
+447867264610
+447867581315
+447868844959
+447869401481
+447869577350
+447872145548
+447873838516
+447876116334
+447878895646
+447884417776
+447886741469
+447888182879
+447888953184
+447889016111
+447896806430
+447896846046
+447896956605
+447901506062
+447901624414
+447903456625
+447903690996
+447904057908
+447904840070
+447907501131
+447908017625
+447908472855
+447912178946
+447912354864
+447913649285
+447914925888
+447916750538
+447923219388
+447923592896
+447925401994
+447926656271
+447927119008
+447927623670
+447930481017
+447930505758
+447930911965
+447932237795
+447933288789
+447934214085
+447936659549
+447936818068
+447939919379
+447940491843
+447943333829
+447944690134
+447946385672
+447946409640
+447947924338
+447949028376
+447949865397
+447951303178
+447951371390
+447951454864
+447951589045
+447956131469
+447956506050
+447956918575
+447956962108
+447957197740
+447957439144
+447958140431
+447958545871
+447961315247
+447966375428
+447970740217
+447973249951
+447976122334
+447980274470
+447983079228
+447983360615
+447985219936
+447985420039
+447985663526
+447985785448
+447988943776
+447990862171
+447990949071
+447999909176
+4797894162
+971529908377
+447733787202
+447799213420
+447968250680
+2349062011627
+447938896796
+447552869398
+447459953605
+447599936375
+447867811568
+447883097452
+447724133568
+447424719437
+447882074293
+447867265670
+2348108093964
+447514293947
+447863751628
+2348067757848
+447466665464
+447732803060
+447407644551
+447443810801
+447366766372
+447983536524
+447308908581
+447898350839
+447462735119
+447776701663
+447879207936
+447377202658
+447867291762
+447729133622
+2348159820098
+447570772409
+447873504719
+447562471840
+2348105151156
+2348158420332
+447723439379
+2349155581873
+447943216112
+12035895472
+12043338622
+12049969352
+12178198441
+12402172675
+13092976683
+13179128420
+13472794903
+14034026597
+14036714905
+14043418108
+14694035353
+15145695333
+15194960635
+15517274051
+15712940292
+15879366678
+16393848861
+17739544255
+17788714209
+19176405956
+19192658380
+233240312003
+233506486910
+2347018485734
+2347030250863
+2347033109773
+2347033205560
+2347033548006
+2347033687376
+2347033701647
+2347034974518
+2347035060265
+2347035431620
+2347035746319
+2347036692232
+2347036766800
+2347037166020
+2347037435076
+2347051922514
+2347060579958
+2347067514077
+2347068795532
+2347085035952
+2347088382585
+2348022224753
+2348022225423
+2348022423164
+2348022488275
+2348022775240
+2348023072187
+2348023403408
+2348024356418
+2348025799840
+2348026403462
+2348026410046
+2348027352069
+2348028303369
+2348028312874
+2348028407802
+2348029052040
+2348029435042
+2348030423142
+2348030851553
+2348033082717
+2348033117595
+2348033167891
+2348033703127
+2348033751673
+2348033836475
+2348033957983
+2348033972675
+2348034040837
+2348034077751
+2348034648476
+2348034713870
+2348034983609
+2348035467950
+2348035534289
+2348035996359
+2348036348360
+2348036986048
+2348037083761
+2348037433924
+2348037960552
+2348038156830
+2348038546424
+2348038634472
+2348039238841
+2348039404043
+2348050566794
+2348053987511
+2348054106133
+2348055187152
+2348055255075
+2348055574284
+2348055880927
+2348056376860
+2348057112839
+2348058441284
+2348060183855
+2348060414034
+2348061144813
+2348065835807
+2348066188913
+2348066926608
+2348066990055
+2348067767770
+2348067867807
+2348070784071
+2348073608450
+2348075838726
+2348077399578
+2348079276926
+2348082140556
+2348087175724
+2348088890975
+2348089096280
+2348091122033
+2348093395153
+2348095303548
+2348097857976
+2348099441061
+2348099651949
+2348100044851
+2348102521888
+2348104091333
+2348104113311
+2348108157256
+2348123782485
+2348126695105
+2348127807469
+2348130663214
+2348132952793
+2348134160884
+2348135699160
+2348137507356
+2348138284021
+2348138315662
+2348138341093
+2348139246206
+2348139617941
+2348144658974
+2348145105860
+2348148711295
+2348151729242
+2348152627784
+2348160066918
+2348160494333
+2348161705833
+2348164513067
+2348165024232
+2348165239788
+2348165452890
+2348165556733
+2348165955699
+2348166115804
+2348171075628
+2348174970141
+2348176549150
+2348182117477
+2348184579230
+2348185791250
+2348189686861
+2349023436423
+2349025141464
+2349026562041
+2349030106809
+2349036618624
+2349053160247
+2349055573593
+2349055579460
+2349062851845
+2349065889266
+2349072388246
+2349073323005
+2349075307362
+2349078567805
+2349080446682
+2349092327078
+2349099131873
+2349099998178
+2349129296433
+2349136797141
+2349139341642
+2349161492258
+2349163614929
+263784227408
+27743207841
+27787652114
+32466280492
+353852104077
+353857438983
+353871373644
+353873214198
+353877555008
+353899755606
+380637565765
+380994961720
+447305241468
+447305956031
+447309354922
+447311029902
+447311579449
+447341179857
+447341369982
+447341818628
+447342317799
+447359029222
+447360008559
+447366924109
+447368584812
+447376123415
+447376414825
+447376905863
+447377080871
+447377740369
+447383557768
+447384335940
+447385290009
+447385845116
+447388323132
+447398175324
+447398614464
+447398614466
+447398790432
+447399318778
+447400410209
+447402174275
+447403944531
+447403963763
+447404034685
+447404413628
+447404419194
+447404424655
+447404636201
+447404727520
+447404950840
+447405144876
+447405596442
+447405788750
+447407101624
+447411047247
+447411449816
+447412697120
+447412802068
+447423567644
+447424059874
+447424255125
+447424495234
+447424549168
+447424629051
+447424630069
+447427106616
+447427756929
+447428040460
+447428401152
+447435272930
+447435566636
+447435601824
+447436237748
+447436950599
+447436954163
+447437152136
+447438549649
+447438830489
+447440116464
+447440459952
+447440708453
+447440741996
+447442329992
+447442883370
+447442962080
+447443550206
+447443817883
+447444776025
+447445143634
+447445484019
+447447257845
+447448047807
+447448781337
+447448986129
+447449272672
+447450251290
+447453445757
+447455055534
+447455062562
+447455842845
+447459165287
+447459296068
+447459325460
+447459365940
+447459411463
+447459510984
+447459590179
+447459942506
+447459945861
+447462085271
+447462905659
+447464293854
+447464339294
+447466233799
+447466461916
+447466959176
+447466988797
+447469362630
+447470734018
+447471477854
+447475686171
+447476700174
+447477946494
+447478208649
+447479608278
+447480925418
+447484142301
+447484165507
+447487601909
+447491057492
+447491698787
+447492772187
+447494281688
+447494981189
+447495835470
+447495945075
+447496336163
+447497434507
+447498070026
+447498302323
+447498987605
+447503573120
+447504551154
+447504552780
+447505824176
+447506288396
+447506876924
+447507672165
+447508249281
+447508332677
+447511612227
+447516053017
+447516349257
+447518630992
+447529792261
+447532280566
+447533057066
+447534407322
+447534848211
+447535148285
+447535786152
+447538798215
+447538832468
+447539085661
+447539936842
+447543128741
+447548617486
+447550466194
+447551440959
+447552238082
+447552850309
+447553063180
+447553143296
+447554194650
+447557325268
+447565255000
+447565335032
+447565391981
+447568162846
+447570214863
+447570215004
+447574975564
+447575043154
+447575955606
+447576335340
+447577348085
+447577722862
+447581095391
+447584044790
+447585715643
+447588230109
+447590215917
+447593073490
+447594466389
+447703982175
+447706737877
+447710015198
+447710577399
+447713963449
+447713971832
+447718290820
+447719108009
+447720604336
+447723018304
+447723095216
+447723449276
+447724067991
+447725954259
+447727087255
+447727554141
+447728806614
+447729561925
+447729862359
+447732737899
+447733656223
+447733704934
+447733713493
+447735984957
+447736692012
+447737335352
+447737726841
+447741546582
+447741978186
+447743768139
+447749783777
+447749985195
+447756679609
+447757438798
+447760720262
+447763640638
+447763768792
+447763779032
+447763784859
+447765741810
+447766112045
+447769387988
+447769489415
+447770551155
+447771102451
+447771215111
+447771400959
+447771847186
+447775153313
+447776314588
+447776589759
+447776634439
+447776728059
+447776728855
+447778026386
+447778278910
+447780280163
+447782385064
+447783322850
+447786531113
+447787437842
+447795105677
+447795430536
+447796825243
+447808657207
+447809289815
+447810036261
+447817296670
+447823581267
+447823706222
+447823939201
+447825519702
+447825727111
+447828402851
+447830118316
+447830346861
+447831997892
+447832418313
+447832842000
+447833882725
+447835010163
+447842280259
+447842669736
+447845500890
+447847264689
+447851936192
+447852838733
+447853176235
+447853235464
+447853338161
+447853966601
+447854434900
+447854564076
+447854726120
+447856671376
+447857216939
+447858347839
+447861661992
+447862354154
+447863101768
+447865448294
+447866723319
+447867264610
+447867270021
+447867428895
+447868180758
+447868844959
+447869774125
+447872145548
+447873713521
+447876013922
+447876431525
+447876519347
+447876582436
+447877278188
+447877853955
+447877925443
+447878663034
+447878944968
+447880855472
+447882646914
+447884340056
+447884417776
+447886030908
+447886083692
+447886358412
+447887733016
+447887815060
+447888053613
+447888601413
+447896636342
+447899894146
+447899984733
+447900276979
+447901506062
+447903104760
+447903644316
+447903690996
+447903749373
+447903948175
+447904086087
+447904206139
+447904875179
+447905508274
+447908182943
+447908701885
+447909452391
+447909981857
+447912354864
+447913649285
+447914925888
+447916680932
+447918105136
+447918293191
+447923903860
+447927368938
+447927534979
+447930732791
+447931202312
+447931411007
+447931933581
+447932046818
+447932511183
+447934978986
+447936659549
+447936898348
+447939196006
+447939295628
+447939361636
+447939919379
+447940704933
+447940751145
+447943204748
+447943281352
+447944191831
+447944329846
+447944546022
+447946311896
+447947424790
+447947712526
+447947924338
+447948719413
+447949028376
+447949589095
+447950454999
+447951303178
+447951517917
+447951589045
+447956121403
+447956226717
+447956309874
+447956364106
+447956699059
+447956962108
+447957450804
+447958039149
+447958150463
+447960039085
+447960174543
+447961306663
+447961763233
+447961863629
+447961952406
+447966375428
+447976122334
+447979503580
+447983348610
+447983360615
+447983496774
+447984136565
+447984145241
+447984379621
+447985219936
+447985420039
+447999879399
+4797894162
+4915154754085
+4915210155226
+4915214622399
+601169334069
+971509294997
+971509302189
+971526246434
+971564715730
+447733787202
+447799213420
+447968250680
+2349062011627
+447938896796
+447552869398
+447459953605
+447599936375
+447867811568
+447883097452
+447724133568
+447424719437
+447882074293
+447867265670
+2348108093964
+447514293947
+447863751628
+2348067757848
+447466665464
+447732803060
+447407644551
+447443810801
+447366766372
+447983536524
+447308908581
+447898350839
+447462735119
+447776701663
+447879207936
+447377202658
+447867291762
+447729133622
+2348159820098
+447570772409
+447873504719
+447562471840
+2348105151156
+2348158420332
+447723439379
+2349155581873
+447943216112
+12035895472
+12043338622
+12049969352
+12178198441
+12402172675
+13092976683
+13179128420
+13472794903
+14034026597
+14036714905
+14043418108
+14694035353
+15145695333
+15194960635
+15517274051
+15712940292
+15879366678
+16393848861
+17739544255
+17788714209
+19176405956
+19192658380
+233240312003
+233506486910
+2347018485734
+2347030250863
+2347033109773
+2347033205560
+2347033548006
+2347033687376
+2347033701647
+2347034974518
+2347035060265
+2347035431620
+2347035746319
+2347036692232
+2347036766800
+2347037166020
+2347037435076
+2347051922514
+2347060579958
+2347067514077
+2347068795532
+2347085035952
+2347088382585
+2348022224753
+2348022225423
+2348022423164
+2348022488275
+2348022775240
+2348023072187
+2348023403408
+2348024356418
+2348025799840
+2348026403462
+2348026410046
+2348027352069
+2348028303369
+2348028312874
+2348028407802
+2348029052040
+2348029435042
+2348030423142
+2348030851553
+2348033082717
+2348033117595
+2348033167891
+2348033703127
+2348033751673
+2348033836475
+2348033957983
+2348033972675
+2348034040837
+2348034077751
+2348034648476
+2348034713870
+2348034983609
+2348035467950
+2348035534289
+2348035996359
+2348036348360
+2348036986048
+2348037083761
+2348037433924
+2348037960552
+2348038156830
+2348038546424
+2348038634472
+2348039238841
+2348039404043
+2348050566794
+2348053987511
+2348054106133
+2348055187152
+2348055255075
+2348055574284
+2348055880927
+2348056376860
+2348057112839
+2348058441284
+2348060183855
+2348060414034
+2348061144813
+2348065835807
+2348066188913
+2348066926608
+2348066990055
+2348067767770
+2348067867807
+2348070784071
+2348073608450
+2348075838726
+2348077399578
+2348079276926
+2348082140556
+2348087175724
+2348088890975
+2348089096280
+2348091122033
+2348093395153
+2348095303548
+2348097857976
+2348099441061
+2348099651949
+2348100044851
+2348102521888
+2348104091333
+2348104113311
+2348108157256
+2348123782485
+2348126695105
+2348127807469
+2348130663214
+2348132952793
+2348134160884
+2348135699160
+2348137507356
+2348138284021
+2348138315662
+2348138341093
+2348139246206
+2348139617941
+2348144658974
+2348145105860
+2348148711295
+2348151729242
+2348152627784
+2348160066918
+2348160494333
+2348161705833
+2348164513067
+2348165024232
+2348165239788
+2348165452890
+2348165556733
+2348165955699
+2348166115804
+2348171075628
+2348174970141
+2348176549150
+2348182117477
+2348184579230
+2348185791250
+2348189686861
+2349023436423
+2349025141464
+2349026562041
+2349030106809
+2349036618624
+2349053160247
+2349055573593
+2349055579460
+2349062851845
+2349065889266
+2349072388246
+2349073323005
+2349075307362
+2349078567805
+2349080446682
+2349092327078
+2349099131873
+2349099998178
+2349129296433
+2349136797141
+2349139341642
+2349161492258
+2349163614929
+263784227408
+27743207841
+27787652114
+32466280492
+353852104077
+353857438983
+353871373644
+353873214198
+353877555008
+353899755606
+380637565765
+380994961720
+447305241468
+447305956031
+447309354922
+447311029902
+447311579449
+447341179857
+447341369982
+447341818628
+447342317799
+447359029222
+447360008559
+447366924109
+447368584812
+447376123415
+447376414825
+447376905863
+447377080871
+447377740369
+447383557768
+447384335940
+447385290009
+447385845116
+447388323132
+447398175324
+447398614464
+447398614466
+447398790432
+447399318778
+447400410209
+447402174275
+447403944531
+447403963763
+447404034685
+447404413628
+447404419194
+447404424655
+447404636201
+447404727520
+447404950840
+447405144876
+447405596442
+447405788750
+447407101624
+447411047247
+447411449816
+447412697120
+447412802068
+447423567644
+447424059874
+447424255125
+447424495234
+447424549168
+447424629051
+447424630069
+447427106616
+447427756929
+447428040460
+447428401152
+447435272930
+447435566636
+447435601824
+447436237748
+447436950599
+447436954163
+447437152136
+447438549649
+447438830489
+447440116464
+447440459952
+447440708453
+447440741996
+447442329992
+447442883370
+447442962080
+447443550206
+447443817883
+447444776025
+447445143634
+447445484019
+447447257845
+447448047807
+447448781337
+447448986129
+447449272672
+447450251290
+447453445757
+447455055534
+447455062562
+447455842845
+447459165287
+447459296068
+447459325460
+447459365940
+447459411463
+447459510984
+447459590179
+447459942506
+447459945861
+447462085271
+447462905659
+447464293854
+447464339294
+447466233799
+447466461916
+447466959176
+447466988797
+447469362630
+447470734018
+447471477854
+447475686171
+447476700174
+447477946494
+447478208649
+447479608278
+447480925418
+447484142301
+447484165507
+447487601909
+447491057492
+447491698787
+447492772187
+447494281688
+447494981189
+447495835470
+447495945075
+447496336163
+447497434507
+447498070026
+447498302323
+447498987605
+447503573120
+447504551154
+447504552780
+447505824176
+447506288396
+447506876924
+447507672165
+447508249281
+447508332677
+447511612227
+447516053017
+447516349257
+447518630992
+447529792261
+447532280566
+447533057066
+447534407322
+447534848211
+447535148285
+447535786152
+447538798215
+447538832468
+447539085661
+447539936842
+447543128741
+447548617486
+447550466194
+447551440959
+447552238082
+447552850309
+447553063180
+447553143296
+447554194650
+447557325268
+447565255000
+447565335032
+447565391981
+447568162846
+447570214863
+447570215004
+447574975564
+447575043154
+447575955606
+447576335340
+447577348085
+447577722862
+447581095391
+447584044790
+447585715643
+447588230109
+447590215917
+447593073490
+447594466389
+447703982175
+447706737877
+447710015198
+447710577399
+447713963449
+447713971832
+447718290820
+447719108009
+447720604336
+447723018304
+447723095216
+447723449276
+447724067991
+447725954259
+447727087255
+447727554141
+447728806614
+447729561925
+447729862359
+447732737899
+447733656223
+447733704934
+447733713493
+447735984957
+447736692012
+447737335352
+447737726841
+447741546582
+447741978186
+447743768139
+447749783777
+447749985195
+447756679609
+447757438798
+447760720262
+447763640638
+447763768792
+447763779032
+447763784859
+447765741810
+447766112045
+447769387988
+447769489415
+447770551155
+447771102451
+447771215111
+447771400959
+447771847186
+447775153313
+447776314588
+447776589759
+447776634439
+447776728059
+447776728855
+447778026386
+447778278910
+447780280163
+447782385064
+447783322850
+447786531113
+447787437842
+447795105677
+447795430536
+447796825243
+447808657207
+447809289815
+447810036261
+447817296670
+447823581267
+447823706222
+447823939201
+447825519702
+447825727111
+447828402851
+447830118316
+447830346861
+447831997892
+447832418313
+447832842000
+447833882725
+447835010163
+447842280259
+447842669736
+447845500890
+447847264689
+447851936192
+447852838733
+447853176235
+447853235464
+447853338161
+447853966601
+447854434900
+447854564076
+447854726120
+447856671376
+447857216939
+447858347839
+447861661992
+447862354154
+447863101768
+447865448294
+447866723319
+447867264610
+447867270021
+447867428895
+447868180758
+447868844959
+447869774125
+447872145548
+447873713521
+447876013922
+447876431525
+447876519347
+447876582436
+447877278188
+447877853955
+447877925443
+447878663034
+447878944968
+447880855472
+447882646914
+447884340056
+447884417776
+447886030908
+447886083692
+447886358412
+447887733016
+447887815060
+447888053613
+447888601413
+447896636342
+447899894146
+447899984733
+447900276979
+447901506062
+447903104760
+447903644316
+447903690996
+447903749373
+447903948175
+447904086087
+447904206139
+447904875179
+447905508274
+447908182943
+447908701885
+447909452391
+447909981857
+447912354864
+447913649285
+447914925888
+447916680932
+447918105136
+447918293191
+447923903860
+447927368938
+447927534979
+447930732791
+447931202312
+447931411007
+447931933581
+447932046818
+447932511183
+447934978986
+447936659549
+447936898348
+447939196006
+447939295628
+447939361636
+447939919379
+447940704933
+447940751145
+447943204748
+447943281352
+447944191831
+447944329846
+447944546022
+447946311896
+447947424790
+447947712526
+447947924338
+447948719413
+447949028376
+447949589095
+447950454999
+447951303178
+447951517917
+447951589045
+447956121403
+447956226717
+447956309874
+447956364106
+447956699059
+447956962108
+447957450804
+447958039149
+447958150463
+447960039085
+447960174543
+447961306663
+447961763233
+447961863629
+447961952406
+447966375428
+447976122334
+447979503580
+447983348610
+447983360615
+447983496774
+447984136565
+447984145241
+447984379621
+447985219936
+447985420039
+447999879399
+4797894162
+4915154754085
+4915210155226
+4915214622399
+601169334069
+971509294997
+971509302189
+971526246434
+971564715730
+2347063281876
+2348128721164
+447733781252
+447968250680
+2347069721544
+447407840562
+447957448227
+2347036687776
+447599936375
+2348139391813
+447423729625
+2347062553545
+2348139546422
+2348060422725
+2349066730744
+447760715061
+2348138358560
+2348108093964
+2347030992977
+2348067757848
+447466665464
+447732803060
+2349039876112
+2348107007985
+447407644551
+2349057038318
+447432300350
+447983536524
+17823775523
+447516281771
+447881941175
+447879207936
+2347039707287
+2347035957050
+2348121929016
+12818189615
+447833211111
+2348157339665
+12043338622
+12049969352
+12178198441
+12404764218
+12817367690
+13065154366
+13179128420
+13472794903
+13475392686
+14044220937
+14319987779
+14372607216
+14372684512
+15067212277
+15875006384
+16044466184
+17143310612
+18043684423
+18326602689
+18327576858
+18329071736
+19053910509
+19192658380
+2347014617044
+2347015908039
+2347016613774
+2347018485734
+2347030128192
+2347031234414
+2347031311911
+2347031660476
+2347032450870
+2347033731378
+2347034147549
+2347035746319
+2347036766800
+2347038252358
+2347039536683
+2347056674381
+2347060881520
+2347062737457
+2347063804900
+2347064497781
+2347066447363
+2347067580599
+2347069465179
+2347080070561
+2348022224753
+2348023072187
+2348023569687
+2348023795302
+2348023796290
+2348024326001
+2348025041767
+2348025441491
+2348025735095
+2348029435042
+2348030613259
+2348030994621
+2348033029466
+2348033100080
+2348033230026
+2348033327013
+2348033703127
+2348034077751
+2348034278581
+2348034289394
+2348034461472
+2348034598452
+2348034836572
+2348034923605
+2348034983609
+2348035512449
+2348036007400
+2348036162158
+2348036348360
+2348036986048
+2348037816367
+2348038156587
+2348038370895
+2348039112230
+2348039664436
+2348050573687
+2348055574284
+2348055772451
+2348055826810
+2348055880927
+2348058441284
+2348060566978
+2348060877836
+2348061144813
+2348061177502
+2348062190817
+2348062529527
+2348066188913
+2348066775045
+2348067016150
+2348069418400
+2348070321072
+2348070784071
+2348076493502
+2348077636389
+2348077928510
+2348078641663
+2348081938275
+2348082140556
+2348084982962
+2348092613721
+2348093269884
+2348093772910
+2348097857976
+2348099440339
+2348101579209
+2348107144030
+2348120557937
+2348124536312
+2348126648490
+2348131135616
+2348132700111
+2348132952793
+2348133749952
+2348135128755
+2348135230827
+2348135597510
+2348136666076
+2348137347677
+2348137507356
+2348138143706
+2348138284021
+2348139955019
+2348140382421
+2348141891845
+2348143928986
+2348146721922
+2348148711295
+2348155184697
+2348156361791
+2348156687239
+2348158109859
+2348159822132
+2348160475719
+2348162199600
+2348162637190
+2348165024232
+2348165955699
+2348166115804
+2348168216341
+2348174970141
+2348179158589
+2348184579230
+2348185112209
+2348185791250
+2348189044676
+2348189686861
+2349026060921
+2349038078419
+2349038614523
+2349064114781
+2349064318501
+2349065655452
+2349067495943
+2349071099548
+2349076001669
+2349077739383
+2349077792603
+2349080446682
+2349093660805
+2349098844258
+2349129296433
+2349150522578
+2349157412249
+237678121266
+254799802335
+263784227408
+31644854001
+353861055494
+380687521649
+380994961720
+447311478844
+447311651283
+447341179857
+447342043688
+447342179645
+447359212658
+447359337375
+447368581494
+447376977222
+447378889258
+447380421764
+447385290009
+447385845116
+447397248837
+447403743555
+447404398905
+447404424655
+447404484491
+447404537286
+447404786083
+447405039187
+447405156937
+447405718889
+447411010555
+447411047247
+447411449816
+447412697120
+447412802068
+447423185803
+447423243623
+447423567644
+447424059874
+447424741815
+447424916914
+447427106616
+447435280043
+447438628995
+447440116464
+447440428479
+447442883370
+447442962080
+447444122341
+447444566761
+447445879304
+447446166826
+447448503532
+447449272672
+447449965773
+447450260474
+447454627097
+447454787399
+447459325460
+447459365940
+447459942506
+447460239149
+447463629501
+447479305521
+447479498196
+447484165507
+447484678354
+447491057492
+447493122877
+447493881921
+447494105891
+447494281688
+447495835470
+447498535938
+447505824176
+447506288396
+447507517808
+447518567348
+447518630992
+447518653678
+447525854619
+447529792261
+447530116500
+447533057066
+447533432451
+447535090189
+447538832468
+447541986703
+447543122766
+447552238082
+447553063180
+447557054928
+447557132274
+447557952059
+447557955708
+447565009557
+447565335032
+447576221181
+447581194037
+447584493575
+447592296585
+447702057632
+447710577399
+447718132413
+447720604336
+447721647343
+447723018304
+447723079096
+447724263722
+447729547867
+447733656223
+447733757680
+447735344394
+447735984957
+447740585581
+447757438798
+447760805898
+447760850796
+447763779032
+447766107076
+447767178169
+447771096361
+447776314588
+447778026386
+447782385064
+447787637667
+447795105677
+447795430536
+447795947877
+447796082252
+447796825243
+447809289815
+447823756021
+447823939201
+447825706779
+447827021735
+447830118316
+447830783818
+447831997089
+447831997892
+447833882725
+447838211513
+447845500890
+447850070537
+447852182356
+447854532534
+447856713925
+447857216939
+447863435993
+447867581315
+447869249125
+447872145548
+447872489210
+447876116334
+447877265885
+447877704566
+447879206618
+447881841890
+447882025993
+447882646914
+447882943224
+447884340056
+447884417776
+447886295043
+447886741469
+447896956605
+447901624414
+447903104760
+447903456625
+447903582349
+447903644316
+447903738963
+447904057908
+447904693586
+447908017625
+447908071038
+447908472855
+447912178946
+447912354864
+447916252311
+447916680932
+447930481017
+447930505758
+447936659549
+447936818068
+447936898348
+447939295628
+447939361636
+447943148888
+447944020892
+447944252274
+447944329846
+447946385672
+447947924338
+447949028376
+447949421834
+447949865397
+447951371390
+447951589045
+447956141598
+447956364106
+447956962108
+447957197740
+447957439144
+447958150463
+447958396710
+447958545871
+447960174543
+447961315247
+447966375428
+447976122334
+447983321863
+447985219936
+447985420039
+447988943776
+447990862171
+447999909176
+4797894162
+4915757928010
+971509294997
+2347063281876
+2348128721164
+447733781252
+447968250680
+2347069721544
+447407840562
+447957448227
+2347036687776
+447599936375
+2348139391813
+447423729625
+2347062553545
+2348139546422
+2348060422725
+2349066730744
+447760715061
+2348138358560
+2348108093964
+2347030992977
+2348067757848
+447466665464
+447732803060
+2349039876112
+2348107007985
+447407644551
+2349057038318
+447432300350
+447983536524
+17823775523
+447516281771
+447881941175
+447879207936
+2347039707287
+2347035957050
+2348121929016
+12818189615
+447833211111
+2348157339665
+12043338622
+12049969352
+12178198441
+12404764218
+12817367690
+13065154366
+13179128420
+13472794903
+13475392686
+14044220937
+14319987779
+14372607216
+14372684512
+15067212277
+15875006384
+16044466184
+17143310612
+18043684423
+18326602689
+18327576858
+18329071736
+19053910509
+19192658380
+2347014617044
+2347015908039
+2347016613774
+2347018485734
+2347030128192
+2347031234414
+2347031311911
+2347031660476
+2347032450870
+2347033731378
+2347034147549
+2347035746319
+2347036766800
+2347038252358
+2347039536683
+2347056674381
+2347060881520
+2347062737457
+2347063804900
+2347064497781
+2347066447363
+2347067580599
+2347069465179
+2347080070561
+2348022224753
+2348023072187
+2348023569687
+2348023795302
+2348023796290
+2348024326001
+2348025041767
+2348025441491
+2348025735095
+2348029435042
+2348030613259
+2348030994621
+2348033029466
+2348033100080
+2348033230026
+2348033327013
+2348033703127
+2348034077751
+2348034278581
+2348034289394
+2348034461472
+2348034598452
+2348034836572
+2348034923605
+2348034983609
+2348035512449
+2348036007400
+2348036162158
+2348036348360
+2348036986048
+2348037816367
+2348038156587
+2348038370895
+2348039112230
+2348039664436
+2348050573687
+2348055574284
+2348055772451
+2348055826810
+2348055880927
+2348058441284
+2348060566978
+2348060877836
+2348061144813
+2348061177502
+2348062190817
+2348062529527
+2348066188913
+2348066775045
+2348067016150
+2348069418400
+2348070321072
+2348070784071
+2348076493502
+2348077636389
+2348077928510
+2348078641663
+2348081938275
+2348082140556
+2348084982962
+2348092613721
+2348093269884
+2348093772910
+2348097857976
+2348099440339
+2348101579209
+2348107144030
+2348120557937
+2348124536312
+2348126648490
+2348131135616
+2348132700111
+2348132952793
+2348133749952
+2348135128755
+2348135230827
+2348135597510
+2348136666076
+2348137347677
+2348137507356
+2348138143706
+2348138284021
+2348139955019
+2348140382421
+2348141891845
+2348143928986
+2348146721922
+2348148711295
+2348155184697
+2348156361791
+2348156687239
+2348158109859
+2348159822132
+2348160475719
+2348162199600
+2348162637190
+2348165024232
+2348165955699
+2348166115804
+2348168216341
+2348174970141
+2348179158589
+2348184579230
+2348185112209
+2348185791250
+2348189044676
+2348189686861
+2349026060921
+2349038078419
+2349038614523
+2349064114781
+2349064318501
+2349065655452
+2349067495943
+2349071099548
+2349076001669
+2349077739383
+2349077792603
+2349080446682
+2349093660805
+2349098844258
+2349129296433
+2349150522578
+2349157412249
+237678121266
+254799802335
+263784227408
+31644854001
+353861055494
+380687521649
+380994961720
+447311478844
+447311651283
+447341179857
+447342043688
+447342179645
+447359212658
+447359337375
+447368581494
+447376977222
+447378889258
+447380421764
+447385290009
+447385845116
+447397248837
+447403743555
+447404398905
+447404424655
+447404484491
+447404537286
+447404786083
+447405039187
+447405156937
+447405718889
+447411010555
+447411047247
+447411449816
+447412697120
+447412802068
+447423185803
+447423243623
+447423567644
+447424059874
+447424741815
+447424916914
+447427106616
+447435280043
+447438628995
+447440116464
+447440428479
+447442883370
+447442962080
+447444122341
+447444566761
+447445879304
+447446166826
+447448503532
+447449272672
+447449965773
+447450260474
+447454627097
+447454787399
+447459325460
+447459365940
+447459942506
+447460239149
+447463629501
+447479305521
+447479498196
+447484165507
+447484678354
+447491057492
+447493122877
+447493881921
+447494105891
+447494281688
+447495835470
+447498535938
+447505824176
+447506288396
+447507517808
+447518567348
+447518630992
+447518653678
+447525854619
+447529792261
+447530116500
+447533057066
+447533432451
+447535090189
+447538832468
+447541986703
+447543122766
+447552238082
+447553063180
+447557054928
+447557132274
+447557952059
+447557955708
+447565009557
+447565335032
+447576221181
+447581194037
+447584493575
+447592296585
+447702057632
+447710577399
+447718132413
+447720604336
+447721647343
+447723018304
+447723079096
+447724263722
+447729547867
+447733656223
+447733757680
+447735344394
+447735984957
+447740585581
+447757438798
+447760805898
+447760850796
+447763779032
+447766107076
+447767178169
+447771096361
+447776314588
+447778026386
+447782385064
+447787637667
+447795105677
+447795430536
+447795947877
+447796082252
+447796825243
+447809289815
+447823756021
+447823939201
+447825706779
+447827021735
+447830118316
+447830783818
+447831997089
+447831997892
+447833882725
+447838211513
+447845500890
+447850070537
+447852182356
+447854532534
+447856713925
+447857216939
+447863435993
+447867581315
+447869249125
+447872145548
+447872489210
+447876116334
+447877265885
+447877704566
+447879206618
+447881841890
+447882025993
+447882646914
+447882943224
+447884340056
+447884417776
+447886295043
+447886741469
+447896956605
+447901624414
+447903104760
+447903456625
+447903582349
+447903644316
+447903738963
+447904057908
+447904693586
+447908017625
+447908071038
+447908472855
+447912178946
+447912354864
+447916252311
+447916680932
+447930481017
+447930505758
+447936659549
+447936818068
+447936898348
+447939295628
+447939361636
+447943148888
+447944020892
+447944252274
+447944329846
+447946385672
+447947924338
+447949028376
+447949421834
+447949865397
+447951371390
+447951589045
+447956141598
+447956364106
+447956962108
+447957197740
+447957439144
+447958150463
+447958396710
+447958545871
+447960174543
+447961315247
+447966375428
+447976122334
+447983321863
+447985219936
+447985420039
+447988943776
+447990862171
+447999909176
+4797894162
+4915757928010
+971509294997
+2348092908484
+2348128721164
+2348168924729
+447442375420
+447799213420
+447733755852
+2348134453132
+447867288696
+2347068278983
+447552869398
+447459953605
+447466629767
+2347036687776
+447570062137
+447599936375
+447831997631
+2348139391813
+447423729625
+14039903306
+2348034468064
+2348135263863
+2348099448316
+447515442595
+2348147447035
+642040812796
+447883097452
+447771015216
+2348139546422
+447724133568
+447840288514
+447424719437
+2348038304898
+447769025413
+447961998054
+447867265670
+16394717102
+2348108093964
+447305487039
+447771095115
+447514293947
+447863751628
+447765513883
+2348067757848
+447466665464
+447909399475
+447732803060
+2348162261950
+447407644551
+447821876747
+2347061559252
+447443810801
+447366766372
+447983536524
+447733818399
+17823775523
+447898350839
+447900816244
+447462735119
+447909031504
+447708812360
+447516281771
+2348023688300
+447881941175
+447879207936
+447377202658
+2347039707287
+2347035957050
+447950967631
+2348030779714
+447889650137
+2348028872290
+447852936734
+447931914958
+12818189615
+447873504719
+447361401822
+447898700698
+447424982240
+2348023535430
+447377683361
+447833211111
+447879105870
+12023400269
+12035895472
+12049969352
+12178198441
+12819409897
+13012564054
+13063076054
+13179128420
+13475392686
+14312938196
+14313345824
+14374385667
+14388857679
+15067212277
+15405048086
+15713545757
+15877087041
+15879366678
+16135325008
+16573540022
+17036273797
+17148044929
+17199001229
+18326602689
+19053910509
+19192658380
+19298669550
+233240312003
+233506486910
+233591830365
+2347015235346
+2347015908039
+2347017412122
+2347018485734
+2347030124853
+2347031311911
+2347032083047
+2347032343900
+2347033109363
+2347033205560
+2347033548006
+2347033653940
+2347035666655
+2347035746319
+2347036116198
+2347036253485
+2347036692232
+2347036782528
+2347038252358
+2347039060109
+2347045751340
+2347051922514
+2347055958309
+2347056674381
+2347059709453
+2347062293528
+2347062713468
+2347063618016
+2347064308970
+2347064497781
+2347065105847
+2347065959530
+2347067514077
+2347067580599
+2347068042331
+2347081590848
+2348022051348
+2348022488275
+2348022775240
+2348023063152
+2348023072187
+2348023076689
+2348023158480
+2348023569687
+2348023634264
+2348023762267
+2348024326001
+2348024785655
+2348025573772
+2348025735095
+2348026104856
+2348027355996
+2348028318858
+2348028409880
+2348028699903
+2348029435042
+2348030546912
+2348030675578
+2348030677090
+2348030851553
+2348031881075
+2348032011278
+2348032344274
+2348032591608
+2348032772434
+2348033003048
+2348033100080
+2348033117595
+2348033167891
+2348033183211
+2348033230026
+2348033340276
+2348033386511
+2348033452961
+2348033566248
+2348033703127
+2348033957983
+2348033972675
+2348034040837
+2348034091476
+2348034116044
+2348034146330
+2348034278581
+2348034461472
+2348034646181
+2348034800434
+2348034836572
+2348034923605
+2348034983609
+2348035011218
+2348035359086
+2348035378942
+2348035467950
+2348035469486
+2348035512449
+2348035534289
+2348035695105
+2348035754036
+2348035868026
+2348035873781
+2348036089105
+2348036162158
+2348036348360
+2348036502092
+2348036624212
+2348036986048
+2348037262994
+2348037433924
+2348037550256
+2348037652444
+2348037699016
+2348037960552
+2348038156830
+2348038370895
+2348038439376
+2348038546424
+2348038634472
+2348039112230
+2348039206483
+2348039238841
+2348039517181
+2348039772861
+2348050573687
+2348052406753
+2348054106133
+2348054860550
+2348055126931
+2348055187152
+2348055574284
+2348055772451
+2348055880927
+2348057112839
+2348057751559
+2348058441284
+2348058582258
+2348060183855
+2348060414034
+2348060877836
+2348061144813
+2348061177502
+2348062123691
+2348062482798
+2348062530105
+2348063208181
+2348063606858
+2348063625105
+2348063934567
+2348064794546
+2348064846353
+2348066188913
+2348066312436
+2348066457195
+2348066605446
+2348066990055
+2348067038531
+2348067368938
+2348067707071
+2348068674387
+2348070321072
+2348070491093
+2348070784071
+2348072708130
+2348074767509
+2348076299822
+2348076493502
+2348077204859
+2348077344736
+2348077928510
+2348078510644
+2348079265158
+2348079276926
+2348080219306
+2348084838403
+2348085026388
+2348086643565
+2348088890975
+2348089096280
+2348091269163
+2348092227877
+2348093395153
+2348093772910
+2348094710694
+2348094884680
+2348095303548
+2348097857976
+2348099048786
+2348099441061
+2348099651949
+2348099987000
+2348101267754
+2348102521888
+2348103392750
+2348106803884
+2348107294762
+2348112989999
+2348118728899
+2348118896087
+2348119965695
+2348121283034
+2348121641949
+2348126648490
+2348126695105
+2348130487296
+2348130663214
+2348130937074
+2348132045957
+2348133361664
+2348133749952
+2348134116330
+2348135551092
+2348135976984
+2348136096098
+2348136785128
+2348136871401
+2348137507356
+2348137829540
+2348138284021
+2348138315662
+2348138436866
+2348139622234
+2348141891845
+2348149367427
+2348151729242
+2348152627784
+2348155184697
+2348156098201
+2348156361791
+2348156687239
+2348159912360
+2348161135403
+2348161705833
+2348162199600
+2348162484666
+2348162559069
+2348162635259
+2348162920139
+2348163290188
+2348165024232
+2348165955699
+2348166115804
+2348166422559
+2348170384324
+2348171181896
+2348174970141
+2348175558415
+2348176549150
+2348178412962
+2348179158589
+2348184579230
+2348184790543
+2348185112209
+2348185791250
+2348189044676
+2349023436423
+2349024938149
+2349032220292
+2349033883071
+2349034248152
+2349038614523
+2349050859055
+2349053051434
+2349053160247
+2349055573593
+2349055579460
+2349058501715
+2349060060672
+2349062851845
+2349063070328
+2349065822449
+2349065889266
+2349066373379
+2349067495943
+2349070288281
+2349072388246
+2349073323005
+2349080446682
+2349091103543
+2349092327078
+2349093660805
+2349096111489
+2349098844258
+2349099131873
+2349099983185
+2349121620877
+2349129296433
+2349136797141
+2349137149704
+2349150522578
+2349163614929
+237678121266
+254723900065
+263784227408
+27634827241
+27638400823
+27743207841
+353852160960
+353852525223
+353857438983
+353871365705
+353873214198
+353877522508
+353877555008
+353877663225
+353899533586
+353899632558
+353899755606
+353899762421
+353899828839
+380637565765
+380687521649
+380994961720
+447305010157
+447305391818
+447307080868
+447308678783
+447311478844
+447311579449
+447341179857
+447341369982
+447342317799
+447342656262
+447359029222
+447359212658
+447361651324
+447366577884
+447368581494
+447375024512
+447376081717
+447377424743
+447379308845
+447384335940
+447384848512
+447385290009
+447385845116
+447387437272
+447388323132
+447393830395
+447398175324
+447398289848
+447398614464
+447398614466
+447399323428
+447400191717
+447401543252
+447403073503
+447403944531
+447403963763
+447404034685
+447404334846
+447404413628
+447404424655
+447404636201
+447404723805
+447404786083
+447405144876
+447405156937
+447405329870
+447405788750
+447405875678
+447407399786
+447412697120
+447412802068
+447413090711
+447414488181
+447417457207
+447418006147
+447421520511
+447424059874
+447424255125
+447424536638
+447424630069
+447424640189
+447424704263
+447426559997
+447427106616
+447428001832
+447428254663
+447429113180
+447435601824
+447438021780
+447438628995
+447438830489
+447440116464
+447440421227
+447440428479
+447440527862
+447440543960
+447440713636
+447440741996
+447442674485
+447442883370
+447443159838
+447444122341
+447444566761
+447444776025
+447445859466
+447448047807
+447448326511
+447448503532
+447448781337
+447448859049
+447448986129
+447449040380
+447449272672
+447449965773
+447450872202
+447453445757
+447454627097
+447456575520
+447459009830
+447459165287
+447459296068
+447459325460
+447459411463
+447459526972
+447459590179
+447459883865
+447459942506
+447460018960
+447460239149
+447464339294
+447466233799
+447466463519
+447466574563
+447466638255
+447466694781
+447466842736
+447466886217
+447466959176
+447466988797
+447466998169
+447469893371
+447470733066
+447470734018
+447472745297
+447473779052
+447474645400
+447475686171
+447479498196
+447480925418
+447481773837
+447484142301
+447484165507
+447484195658
+447484678354
+447491698787
+447494105891
+447494281688
+447494455390
+447494902887
+447494981189
+447495416303
+447495835470
+447496336163
+447496913011
+447498558017
+447498987605
+447503314563
+447505824176
+447506278082
+447506288396
+447506742462
+447508249281
+447508275388
+447508659775
+447510648209
+447516053017
+447518630992
+447518653678
+447525039700
+447530116500
+447532280566
+447533057066
+447533432451
+447533619486
+447534190260
+447534309842
+447534862839
+447535395769
+447538798215
+447538832468
+447539173220
+447539258173
+447539852545
+447543122766
+447546765975
+447547552356
+447552238082
+447552850309
+447553063180
+447554708598
+447557132274
+447557646726
+447557955708
+447561475374
+447562639408
+447564739896
+447564845060
+447565255000
+447565335032
+447565846369
+447568294441
+447570214863
+447575043154
+447575060558
+447575955606
+447576221181
+447576309050
+447576335340
+447583940322
+447584044790
+447584493575
+447587779494
+447588554193
+447594466389
+447595534867
+447599573548
+447702057632
+447703982175
+447710577399
+447710954140
+447713927874
+447713963449
+447715096920
+447716295530
+447718132413
+447718290820
+447719108009
+447720604336
+447723018304
+447723095216
+447723449276
+447723768606
+447725161413
+447727081443
+447727087255
+447727202138
+447727554141
+447728806614
+447729864000
+447732737899
+447733656223
+447733729735
+447733797844
+447733820552
+447735984957
+447736692012
+447737335352
+447737471786
+447737726841
+447738112229
+447740585581
+447742592200
+447743768139
+447745379848
+447745905104
+447747856900
+447749783777
+447749985195
+447756679609
+447757438798
+447760850796
+447760984206
+447761295729
+447764866652
+447767886880
+447767918721
+447769387988
+447769389504
+447770429755
+447771081609
+447771093241
+447771094081
+447771096361
+447771215111
+447771400959
+447771847186
+447775153313
+447775809363
+447776475265
+447776533260
+447776590868
+447776724035
+447776728059
+447776728855
+447776764090
+447776936205
+447778026386
+447778278910
+447778524742
+447780069592
+447780280163
+447782385064
+447783322850
+447786912150
+447787637667
+447788132222
+447792107226
+447795105677
+447795947877
+447796082252
+447796788168
+447796825243
+447807681143
+447808657207
+447809289815
+447809611534
+447814292433
+447814569593
+447823756021
+447823769200
+447823815607
+447823939201
+447823969505
+447825519702
+447828979259
+447830118316
+447830783818
+447831620069
+447831643953
+447831819879
+447831997892
+447832335561
+447833882725
+447835259123
+447836610001
+447838991537
+447841479877
+447842669736
+447843862972
+447845500890
+447845606907
+447847264689
+447848850954
+447850070537
+447850078799
+447852182356
+447852560064
+447852838733
+447853235464
+447853338161
+447854434900
+447854532534
+447856713925
+447857216939
+447858122423
+447858347839
+447858379218
+447859900255
+447861661992
+447862264722
+447862354154
+447862477097
+447865448294
+447865912940
+447867087253
+447867264610
+447867273204
+447867283593
+447867318515
+447868180758
+447871044551
+447871316954
+447872145548
+447875125484
+447876116334
+447876582436
+447878730886
+447879206618
+447881384112
+447882128969
+447882237328
+447882646914
+447884340056
+447884417776
+447886358412
+447886741469
+447887555750
+447888182879
+447889006179
+447889016111
+447889095695
+447891539384
+447896846046
+447896956605
+447899006910
+447899984733
+447900276979
+447900347773
+447900822912
+447901616044
+447901624414
+447903104760
+447903445507
+447903690996
+447904057908
+447904206139
+447904976484
+447908017625
+447908472855
+447908701885
+447908912903
+447909452391
+447912178946
+447912354864
+447913649285
+447914925888
+447915273498
+447915933175
+447916496019
+447916680932
+447916750538
+447916965243
+447917906413
+447918105136
+447918972440
+447926460706
+447926656271
+447927368938
+447927401011
+447927563477
+447927623670
+447930462679
+447930481017
+447930916772
+447931202312
+447931411007
+447931933581
+447932237795
+447932511183
+447933723867
+447936659549
+447936818068
+447938419206
+447939193670
+447939295628
+447939361636
+447939804856
+447939919379
+447939955692
+447940258049
+447940387278
+447940418904
+447940491843
+447940704811
+447940704933
+447943055871
+447943148888
+447943170901
+447943281352
+447943333829
+447943704461
+447944191831
+447944329846
+447944565706
+447944665571
+447944794214
+447946015531
+447946021417
+447946295271
+447946385672
+447946562704
+447946651487
+447946666865
+447947109794
+447947111836
+447947712526
+447947924338
+447949028376
+447950203033
+447950416747
+447950835528
+447951220878
+447951303178
+447951371390
+447951589045
+447956131469
+447956226717
+447956364106
+447956646433
+447956699059
+447956778714
+447956805781
+447956918575
+447956934790
+447956962108
+447957197740
+447957204906
+447957439144
+447958140431
+447958150463
+447958155180
+447958545871
+447960039085
+447960174543
+447960222469
+447960834098
+447961313371
+447961315247
+447961863629
+447966375428
+447969174806
+447969230068
+447970740217
+447973249951
+447976122334
+447979503580
+447983079228
+447983171401
+447983551257
+447984136565
+447985219936
+447985420039
+447985628793
+447999828101
+447999909176
+46704345412
+4797894162
+4915154754085
+905338835382
+971564715730
+2348092908484
+2348128721164
+2348168924729
+447442375420
+447799213420
+447733755852
+2348134453132
+447867288696
+2347068278983
+447552869398
+447459953605
+447466629767
+2347036687776
+447570062137
+447599936375
+447831997631
+2348139391813
+447423729625
+14039903306
+2348034468064
+2348135263863
+2348099448316
+447515442595
+2348147447035
+642040812796
+447883097452
+447771015216
+2348139546422
+447724133568
+447840288514
+447424719437
+2348038304898
+447769025413
+447961998054
+447867265670
+16394717102
+2348108093964
+447305487039
+447771095115
+447514293947
+447863751628
+447765513883
+2348067757848
+447466665464
+447909399475
+447732803060
+2348162261950
+447407644551
+447821876747
+2347061559252
+447443810801
+447366766372
+447983536524
+447733818399
+17823775523
+447898350839
+447900816244
+447462735119
+447909031504
+447708812360
+447516281771
+2348023688300
+447881941175
+447879207936
+447377202658
+2347039707287
+2347035957050
+447950967631
+2348030779714
+447889650137
+2348028872290
+447852936734
+447931914958
+12818189615
+447873504719
+447361401822
+447898700698
+447424982240
+2348023535430
+447377683361
+447833211111
+447879105870
+12023400269
+12035895472
+12049969352
+12178198441
+12819409897
+13012564054
+13063076054
+13179128420
+13475392686
+14312938196
+14313345824
+14374385667
+14388857679
+15067212277
+15405048086
+15713545757
+15877087041
+15879366678
+16135325008
+16573540022
+17036273797
+17148044929
+17199001229
+18326602689
+19053910509
+19192658380
+19298669550
+233240312003
+233506486910
+233591830365
+2347015235346
+2347015908039
+2347017412122
+2347018485734
+2347030124853
+2347031311911
+2347032083047
+2347032343900
+2347033109363
+2347033205560
+2347033548006
+2347033653940
+2347035666655
+2347035746319
+2347036116198
+2347036253485
+2347036692232
+2347036782528
+2347038252358
+2347039060109
+2347045751340
+2347051922514
+2347055958309
+2347056674381
+2347059709453
+2347062293528
+2347062713468
+2347063618016
+2347064308970
+2347064497781
+2347065105847
+2347065959530
+2347067514077
+2347067580599
+2347068042331
+2347081590848
+2348022051348
+2348022488275
+2348022775240
+2348023063152
+2348023072187
+2348023076689
+2348023158480
+2348023569687
+2348023634264
+2348023762267
+2348024326001
+2348024785655
+2348025573772
+2348025735095
+2348026104856
+2348027355996
+2348028318858
+2348028409880
+2348028699903
+2348029435042
+2348030546912
+2348030675578
+2348030677090
+2348030851553
+2348031881075
+2348032011278
+2348032344274
+2348032591608
+2348032772434
+2348033003048
+2348033100080
+2348033117595
+2348033167891
+2348033183211
+2348033230026
+2348033340276
+2348033386511
+2348033452961
+2348033566248
+2348033703127
+2348033957983
+2348033972675
+2348034040837
+2348034091476
+2348034116044
+2348034146330
+2348034278581
+2348034461472
+2348034646181
+2348034800434
+2348034836572
+2348034923605
+2348034983609
+2348035011218
+2348035359086
+2348035378942
+2348035467950
+2348035469486
+2348035512449
+2348035534289
+2348035695105
+2348035754036
+2348035868026
+2348035873781
+2348036089105
+2348036162158
+2348036348360
+2348036502092
+2348036624212
+2348036986048
+2348037262994
+2348037433924
+2348037550256
+2348037652444
+2348037699016
+2348037960552
+2348038156830
+2348038370895
+2348038439376
+2348038546424
+2348038634472
+2348039112230
+2348039206483
+2348039238841
+2348039517181
+2348039772861
+2348050573687
+2348052406753
+2348054106133
+2348054860550
+2348055126931
+2348055187152
+2348055574284
+2348055772451
+2348055880927
+2348057112839
+2348057751559
+2348058441284
+2348058582258
+2348060183855
+2348060414034
+2348060877836
+2348061144813
+2348061177502
+2348062123691
+2348062482798
+2348062530105
+2348063208181
+2348063606858
+2348063625105
+2348063934567
+2348064794546
+2348064846353
+2348066188913
+2348066312436
+2348066457195
+2348066605446
+2348066990055
+2348067038531
+2348067368938
+2348067707071
+2348068674387
+2348070321072
+2348070491093
+2348070784071
+2348072708130
+2348074767509
+2348076299822
+2348076493502
+2348077204859
+2348077344736
+2348077928510
+2348078510644
+2348079265158
+2348079276926
+2348080219306
+2348084838403
+2348085026388
+2348086643565
+2348088890975
+2348089096280
+2348091269163
+2348092227877
+2348093395153
+2348093772910
+2348094710694
+2348094884680
+2348095303548
+2348097857976
+2348099048786
+2348099441061
+2348099651949
+2348099987000
+2348101267754
+2348102521888
+2348103392750
+2348106803884
+2348107294762
+2348112989999
+2348118728899
+2348118896087
+2348119965695
+2348121283034
+2348121641949
+2348126648490
+2348126695105
+2348130487296
+2348130663214
+2348130937074
+2348132045957
+2348133361664
+2348133749952
+2348134116330
+2348135551092
+2348135976984
+2348136096098
+2348136785128
+2348136871401
+2348137507356
+2348137829540
+2348138284021
+2348138315662
+2348138436866
+2348139622234
+2348141891845
+2348149367427
+2348151729242
+2348152627784
+2348155184697
+2348156098201
+2348156361791
+2348156687239
+2348159912360
+2348161135403
+2348161705833
+2348162199600
+2348162484666
+2348162559069
+2348162635259
+2348162920139
+2348163290188
+2348165024232
+2348165955699
+2348166115804
+2348166422559
+2348170384324
+2348171181896
+2348174970141
+2348175558415
+2348176549150
+2348178412962
+2348179158589
+2348184579230
+2348184790543
+2348185112209
+2348185791250
+2348189044676
+2349023436423
+2349024938149
+2349032220292
+2349033883071
+2349034248152
+2349038614523
+2349050859055
+2349053051434
+2349053160247
+2349055573593
+2349055579460
+2349058501715
+2349060060672
+2349062851845
+2349063070328
+2349065822449
+2349065889266
+2349066373379
+2349067495943
+2349070288281
+2349072388246
+2349073323005
+2349080446682
+2349091103543
+2349092327078
+2349093660805
+2349096111489
+2349098844258
+2349099131873
+2349099983185
+2349121620877
+2349129296433
+2349136797141
+2349137149704
+2349150522578
+2349163614929
+237678121266
+254723900065
+263784227408
+27634827241
+27638400823
+27743207841
+353852160960
+353852525223
+353857438983
+353871365705
+353873214198
+353877522508
+353877555008
+353877663225
+353899533586
+353899632558
+353899755606
+353899762421
+353899828839
+380637565765
+380687521649
+380994961720
+447305010157
+447305391818
+447307080868
+447308678783
+447311478844
+447311579449
+447341179857
+447341369982
+447342317799
+447342656262
+447359029222
+447359212658
+447361651324
+447366577884
+447368581494
+447375024512
+447376081717
+447377424743
+447379308845
+447384335940
+447384848512
+447385290009
+447385845116
+447387437272
+447388323132
+447393830395
+447398175324
+447398289848
+447398614464
+447398614466
+447399323428
+447400191717
+447401543252
+447403073503
+447403944531
+447403963763
+447404034685
+447404334846
+447404413628
+447404424655
+447404636201
+447404723805
+447404786083
+447405144876
+447405156937
+447405329870
+447405788750
+447405875678
+447407399786
+447412697120
+447412802068
+447413090711
+447414488181
+447417457207
+447418006147
+447421520511
+447424059874
+447424255125
+447424536638
+447424630069
+447424640189
+447424704263
+447426559997
+447427106616
+447428001832
+447428254663
+447429113180
+447435601824
+447438021780
+447438628995
+447438830489
+447440116464
+447440421227
+447440428479
+447440527862
+447440543960
+447440713636
+447440741996
+447442674485
+447442883370
+447443159838
+447444122341
+447444566761
+447444776025
+447445859466
+447448047807
+447448326511
+447448503532
+447448781337
+447448859049
+447448986129
+447449040380
+447449272672
+447449965773
+447450872202
+447453445757
+447454627097
+447456575520
+447459009830
+447459165287
+447459296068
+447459325460
+447459411463
+447459526972
+447459590179
+447459883865
+447459942506
+447460018960
+447460239149
+447464339294
+447466233799
+447466463519
+447466574563
+447466638255
+447466694781
+447466842736
+447466886217
+447466959176
+447466988797
+447466998169
+447469893371
+447470733066
+447470734018
+447472745297
+447473779052
+447474645400
+447475686171
+447479498196
+447480925418
+447481773837
+447484142301
+447484165507
+447484195658
+447484678354
+447491698787
+447494105891
+447494281688
+447494455390
+447494902887
+447494981189
+447495416303
+447495835470
+447496336163
+447496913011
+447498558017
+447498987605
+447503314563
+447505824176
+447506278082
+447506288396
+447506742462
+447508249281
+447508275388
+447508659775
+447510648209
+447516053017
+447518630992
+447518653678
+447525039700
+447530116500
+447532280566
+447533057066
+447533432451
+447533619486
+447534190260
+447534309842
+447534862839
+447535395769
+447538798215
+447538832468
+447539173220
+447539258173
+447539852545
+447543122766
+447546765975
+447547552356
+447552238082
+447552850309
+447553063180
+447554708598
+447557132274
+447557646726
+447557955708
+447561475374
+447562639408
+447564739896
+447564845060
+447565255000
+447565335032
+447565846369
+447568294441
+447570214863
+447575043154
+447575060558
+447575955606
+447576221181
+447576309050
+447576335340
+447583940322
+447584044790
+447584493575
+447587779494
+447588554193
+447594466389
+447595534867
+447599573548
+447702057632
+447703982175
+447710577399
+447710954140
+447713927874
+447713963449
+447715096920
+447716295530
+447718132413
+447718290820
+447719108009
+447720604336
+447723018304
+447723095216
+447723449276
+447723768606
+447725161413
+447727081443
+447727087255
+447727202138
+447727554141
+447728806614
+447729864000
+447732737899
+447733656223
+447733729735
+447733797844
+447733820552
+447735984957
+447736692012
+447737335352
+447737471786
+447737726841
+447738112229
+447740585581
+447742592200
+447743768139
+447745379848
+447745905104
+447747856900
+447749783777
+447749985195
+447756679609
+447757438798
+447760850796
+447760984206
+447761295729
+447764866652
+447767886880
+447767918721
+447769387988
+447769389504
+447770429755
+447771081609
+447771093241
+447771094081
+447771096361
+447771215111
+447771400959
+447771847186
+447775153313
+447775809363
+447776475265
+447776533260
+447776590868
+447776724035
+447776728059
+447776728855
+447776764090
+447776936205
+447778026386
+447778278910
+447778524742
+447780069592
+447780280163
+447782385064
+447783322850
+447786912150
+447787637667
+447788132222
+447792107226
+447795105677
+447795947877
+447796082252
+447796788168
+447796825243
+447807681143
+447808657207
+447809289815
+447809611534
+447814292433
+447814569593
+447823756021
+447823769200
+447823815607
+447823939201
+447823969505
+447825519702
+447828979259
+447830118316
+447830783818
+447831620069
+447831643953
+447831819879
+447831997892
+447832335561
+447833882725
+447835259123
+447836610001
+447838991537
+447841479877
+447842669736
+447843862972
+447845500890
+447845606907
+447847264689
+447848850954
+447850070537
+447850078799
+447852182356
+447852560064
+447852838733
+447853235464
+447853338161
+447854434900
+447854532534
+447856713925
+447857216939
+447858122423
+447858347839
+447858379218
+447859900255
+447861661992
+447862264722
+447862354154
+447862477097
+447865448294
+447865912940
+447867087253
+447867264610
+447867273204
+447867283593
+447867318515
+447868180758
+447871044551
+447871316954
+447872145548
+447875125484
+447876116334
+447876582436
+447878730886
+447879206618
+447881384112
+447882128969
+447882237328
+447882646914
+447884340056
+447884417776
+447886358412
+447886741469
+447887555750
+447888182879
+447889006179
+447889016111
+447889095695
+447891539384
+447896846046
+447896956605
+447899006910
+447899984733
+447900276979
+447900347773
+447900822912
+447901616044
+447901624414
+447903104760
+447903445507
+447903690996
+447904057908
+447904206139
+447904976484
+447908017625
+447908472855
+447908701885
+447908912903
+447909452391
+447912178946
+447912354864
+447913649285
+447914925888
+447915273498
+447915933175
+447916496019
+447916680932
+447916750538
+447916965243
+447917906413
+447918105136
+447918972440
+447926460706
+447926656271
+447927368938
+447927401011
+447927563477
+447927623670
+447930462679
+447930481017
+447930916772
+447931202312
+447931411007
+447931933581
+447932237795
+447932511183
+447933723867
+447936659549
+447936818068
+447938419206
+447939193670
+447939295628
+447939361636
+447939804856
+447939919379
+447939955692
+447940258049
+447940387278
+447940418904
+447940491843
+447940704811
+447940704933
+447943055871
+447943148888
+447943170901
+447943281352
+447943333829
+447943704461
+447944191831
+447944329846
+447944565706
+447944665571
+447944794214
+447946015531
+447946021417
+447946295271
+447946385672
+447946562704
+447946651487
+447946666865
+447947109794
+447947111836
+447947712526
+447947924338
+447949028376
+447950203033
+447950416747
+447950835528
+447951220878
+447951303178
+447951371390
+447951589045
+447956131469
+447956226717
+447956364106
+447956646433
+447956699059
+447956778714
+447956805781
+447956918575
+447956934790
+447956962108
+447957197740
+447957204906
+447957439144
+447958140431
+447958150463
+447958155180
+447958545871
+447960039085
+447960174543
+447960222469
+447960834098
+447961313371
+447961315247
+447961863629
+447966375428
+447969174806
+447969230068
+447970740217
+447973249951
+447976122334
+447979503580
+447983079228
+447983171401
+447983551257
+447984136565
+447985219936
+447985420039
+447985628793
+447999828101
+447999909176
+46704345412
+4797894162
+4915154754085
+905338835382
+971564715730
+447867811568
+2348108093964
+447407644551
+447901040076
+447879207936
+447867291762
+447931914958
+13472794903
+18327576858
+19192658380
+2347033205560
+2347051005076
+2347067411792
+2348022225423
+2348023076689
+2348030505170
+2348033972675
+2348034836572
+2348036034946
+2348038634472
+2348039772861
+2348054106133
+2348055255075
+2348055880927
+2348060414034
+2348060566978
+2348062123691
+2348063842044
+2348092613721
+2348132952793
+2348139525681
+2348164513067
+2348165024232
+2348174701494
+2348174970141
+2349020603137
+2349129296433
+353899632558
+447308689845
+447359212658
+447377740369
+447384848512
+447397248837
+447403944531
+447405718889
+447415145032
+447423567644
+447424255125
+447429496835
+447438830489
+447440713636
+447442883370
+447444776025
+447453199448
+447454627097
+447463629501
+447484165507
+447487601909
+447494281688
+447495329382
+447496336163
+447498070026
+447505824176
+447506278082
+447506288396
+447506742462
+447508249281
+447508545015
+447518630992
+447535148285
+447538832468
+447552238082
+447553063180
+447553143296
+447557646726
+447565335032
+447575406372
+447575635034
+447576221181
+447703982175
+447718290820
+447757438798
+447775153313
+447776475265
+447780966034
+447782385064
+447783322850
+447787686536
+447796071054
+447823581267
+447830118316
+447831940646
+447845500890
+447852988190
+447853235464
+447863005505
+447867087253
+447868424301
+447872145548
+447877278188
+447884417776
+447887615782
+447899984733
+447904206139
+447907501131
+447913649285
+447916680932
+447930481017
+447931202312
+447956131469
+447956646433
+447956699059
+447956918575
+447961044109
+447973249951
+447985219936
+447867811568
+2348108093964
+447407644551
+447901040076
+447879207936
+447867291762
+447931914958
+13472794903
+18327576858
+19192658380
+2347033205560
+2347051005076
+2347067411792
+2348022225423
+2348023076689
+2348030505170
+2348033972675
+2348034836572
+2348036034946
+2348038634472
+2348039772861
+2348054106133
+2348055255075
+2348055880927
+2348060414034
+2348060566978
+2348062123691
+2348063842044
+2348092613721
+2348132952793
+2348139525681
+2348164513067
+2348165024232
+2348174701494
+2348174970141
+2349020603137
+2349129296433
+353899632558
+447308689845
+447359212658
+447377740369
+447384848512
+447397248837
+447403944531
+447405718889
+447415145032
+447423567644
+447424255125
+447429496835
+447438830489
+447440713636
+447442883370
+447444776025
+447453199448
+447454627097
+447463629501
+447484165507
+447487601909
+447494281688
+447495329382
+447496336163
+447498070026
+447505824176
+447506278082
+447506288396
+447506742462
+447508249281
+447508545015
+447518630992
+447535148285
+447538832468
+447552238082
+447553063180
+447553143296
+447557646726
+447565335032
+447575406372
+447575635034
+447576221181
+447703982175
+447718290820
+447757438798
+447775153313
+447776475265
+447780966034
+447782385064
+447783322850
+447787686536
+447796071054
+447823581267
+447830118316
+447831940646
+447845500890
+447852988190
+447853235464
+447863005505
+447867087253
+447868424301
+447872145548
+447877278188
+447884417776
+447887615782
+447899984733
+447904206139
+447907501131
+447913649285
+447916680932
+447930481017
+447931202312
+447956131469
+447956646433
+447956699059
+447956918575
+447961044109
+447973249951
+447985219936
+447424609381
+447442375420
+447799213420
+447968250680
+447938896796
+447552869398
+447466629767
+447599936375
+447572176609
+642040812796
+447867811568
+447883097452
+447724133568
+447840288514
+447424719437
+447450131512
+447760715061
+447867265670
+16394717102
+2348108093964
+447305487039
+447514293947
+447863751628
+447466665464
+447732803060
+447867282161
+2349057038318
+447443810801
+447366766372
+447983536524
+447308908581
+17823775523
+447898350839
+447901040076
+2348023688300
+447377202658
+2348028872290
+447867291762
+447852936734
+447729133622
+447931914958
+447873504719
+2348158420332
+447424982240
+2348023535430
+2349155581873
+447879105870
+12035895472
+12043338622
+12049969352
+12178198441
+12402172675
+12819409897
+13012564054
+13015475770
+13179128420
+13472794903
+14034026597
+14036714905
+14043418108
+14312938196
+14372607216
+15067212277
+15194960635
+15875006384
+15879366678
+16154628586
+16183031212
+16474104364
+16822305051
+17036273797
+17739544255
+17788714209
+18327576858
+19024410699
+19053910509
+19192658380
+233543364597
+2347011001356
+2347015235346
+2347017412122
+2347018870410
+2347030091993
+2347030250863
+2347031660476
+2347031806903
+2347033205560
+2347033548006
+2347033687376
+2347033701647
+2347034974518
+2347035241490
+2347035396251
+2347035746319
+2347037166020
+2347037435076
+2347037792249
+2347038252358
+2347039060109
+2347040003055
+2347051005076
+2347054195682
+2347059709453
+2347060579958
+2347060857715
+2347062293528
+2347063618016
+2347064308970
+2347065105847
+2347065576892
+2347065959530
+2347066240338
+2347067411792
+2347067514077
+2347067580599
+2347069040558
+2347081590848
+2347086926883
+2347088382585
+2348022051348
+2348022225423
+2348022226855
+2348022488275
+2348022775240
+2348023019501
+2348023063152
+2348023072187
+2348023175098
+2348023356462
+2348023403408
+2348023569687
+2348023762267
+2348023774346
+2348023795302
+2348023874500
+2348023927192
+2348024326001
+2348024356418
+2348024705032
+2348025692394
+2348025735095
+2348026104856
+2348026157073
+2348026403462
+2348026410046
+2348027352069
+2348027355996
+2348028116284
+2348028303369
+2348028305670
+2348028409880
+2348029052040
+2348029488640
+2348030423142
+2348030546912
+2348030851553
+2348032011278
+2348032127253
+2348032321949
+2348032344274
+2348032350721
+2348032772434
+2348033167891
+2348033327013
+2348033386511
+2348033452961
+2348033703127
+2348033751673
+2348033957983
+2348033984252
+2348034091476
+2348034646181
+2348034648476
+2348035223474
+2348035324979
+2348035378942
+2348035467950
+2348035534289
+2348035629489
+2348035754036
+2348036034946
+2348036348360
+2348036502092
+2348036739703
+2348036958234
+2348036986048
+2348037083761
+2348037150954
+2348037262994
+2348037433924
+2348037652444
+2348037699016
+2348038103894
+2348038156830
+2348038320925
+2348038370895
+2348038439376
+2348038546424
+2348039187217
+2348039238841
+2348039404043
+2348039772861
+2348050566794
+2348052406753
+2348052843021
+2348053987511
+2348054106133
+2348054228215
+2348055255075
+2348055573342
+2348055574284
+2348055775866
+2348055826810
+2348055880927
+2348056272387
+2348057112839
+2348057371301
+2348057751559
+2348058441284
+2348060017997
+2348060339635
+2348060414034
+2348060642225
+2348060877836
+2348061177502
+2348062123691
+2348062360658
+2348062482798
+2348062832223
+2348063208181
+2348063606858
+2348064125631
+2348065263298
+2348065835807
+2348066188913
+2348066312436
+2348066926608
+2348066990055
+2348067016150
+2348067038531
+2348067368938
+2348068674387
+2348070321072
+2348070491093
+2348070784071
+2348070794274
+2348073608450
+2348074767509
+2348075838726
+2348077344736
+2348077636389
+2348078510644
+2348081780767
+2348081938275
+2348082140556
+2348085026388
+2348086643565
+2348088890975
+2348091122033
+2348091269163
+2348092613721
+2348093268698
+2348093395153
+2348093498979
+2348094710694
+2348094884680
+2348095303548
+2348097857976
+2348098018044
+2348098203853
+2348099441061
+2348099987000
+2348101008956
+2348104113311
+2348105343097
+2348106617355
+2348107144030
+2348107294762
+2348107517948
+2348108157256
+2348114046530
+2348118896087
+2348119296968
+2348119965695
+2348120557937
+2348122226043
+2348124005079
+2348124607487
+2348126695105
+2348130166408
+2348130487296
+2348130663214
+2348130836045
+2348130962846
+2348132045957
+2348134160884
+2348134544657
+2348135191569
+2348135699160
+2348135865777
+2348136785128
+2348137507356
+2348137829540
+2348138143706
+2348138284021
+2348138315662
+2348138341093
+2348139246206
+2348139525681
+2348139617941
+2348140382421
+2348142297153
+2348144658974
+2348147454990
+2348148711295
+2348152627784
+2348156361791
+2348157151011
+2348160475719
+2348161240656
+2348161705833
+2348162102999
+2348162294921
+2348162484666
+2348162559069
+2348162637190
+2348165024232
+2348165239788
+2348165556733
+2348165955699
+2348166115804
+2348169962254
+2348174970141
+2348175558415
+2348178412962
+2348180042952
+2348181410919
+2348183390802
+2348184819360
+2348185112209
+2348185791250
+2348188665728
+2348189686861
+2349023436423
+2349026562041
+2349030899052
+2349036327313
+2349038269949
+2349038614523
+2349044468501
+2349046782644
+2349055573593
+2349065889266
+2349067495943
+2349070288281
+2349071352270
+2349072388246
+2349073323005
+2349075307362
+2349076001669
+2349077792603
+2349080446682
+2349092327078
+2349096111489
+2349097256106
+2349099983185
+2349114002598
+2349118962537
+2349136797141
+2349139341642
+2349158425003
+2349161492258
+2349163614929
+263776227190
+27638400823
+27743207841
+32466280492
+353838356694
+353852104077
+353852160960
+353857438983
+353866007611
+353871373644
+353877555008
+353877663225
+353892325335
+353892714610
+353899632558
+380994961720
+447305010157
+447305182018
+447305241468
+447305391818
+447307039554
+447308689845
+447309354922
+447309665438
+447341179857
+447341818628
+447342284931
+447359028326
+447359029222
+447359212658
+447359326556
+447360008559
+447361651324
+447367754280
+447368581494
+447368584812
+447376081717
+447376414825
+447376977222
+447377080871
+447377424743
+447377740369
+447377740498
+447380360617
+447380421764
+447383557768
+447384848512
+447385845116
+447388323132
+447394145649
+447398175324
+447398614464
+447398614466
+447398790432
+447399323428
+447400410209
+447401543252
+447403073503
+447403944531
+447403963763
+447404034685
+447404413628
+447404424655
+447404636201
+447404727520
+447404939694
+447404950840
+447405039187
+447405329870
+447405410728
+447405680955
+447405718889
+447405875678
+447407101624
+447407399786
+447411047247
+447411449816
+447412697120
+447412802068
+447418006147
+447423027932
+447423185803
+447423243623
+447424255125
+447424549168
+447424629051
+447424630069
+447424693650
+447424741815
+447424803994
+447425319022
+447427756929
+447428040460
+447428401152
+447429113180
+447429496835
+447435272930
+447436237748
+447436942644
+447437189541
+447438344335
+447438628995
+447440249400
+447440708453
+447440713636
+447442329992
+447442883370
+447442962080
+447443159838
+447443421619
+447443550206
+447443817883
+447444776025
+447445484019
+447445660213
+447445859466
+447446166826
+447447257845
+447448047807
+447448386121
+447448503532
+447448986129
+447449074832
+447449272672
+447449322367
+447450251290
+447450260474
+447453445757
+447454787399
+447456575520
+447459017980
+447459102006
+447459165287
+447459296068
+447459325460
+447459411463
+447459510984
+447459590179
+447459883865
+447459942506
+447459945861
+447460736106
+447463629501
+447464293854
+447466233799
+447466461916
+447466574563
+447466638255
+447466959176
+447466988797
+447466998169
+447469681821
+447470734018
+447472037346
+447474645400
+447475481278
+447475686171
+447476700174
+447477946494
+447478208649
+447479305521
+447479608278
+447480779287
+447481773837
+447484142301
+447484165507
+447484195658
+447487601909
+447491057492
+447491698787
+447492772187
+447493122877
+447493881921
+447495028684
+447495329382
+447495375957
+447495416303
+447495835470
+447496336163
+447496833607
+447498057497
+447498070026
+447498583539
+447504552780
+447505824176
+447506288396
+447506876924
+447508434369
+447516053017
+447518567348
+447518630992
+447529792261
+447530116500
+447532280566
+447533432451
+447533622498
+447534043256
+447534190260
+447534407322
+447534848211
+447535148285
+447535786152
+447538798215
+447538832468
+447539173220
+447539852545
+447539936842
+447543122766
+447543128741
+447546080470
+447546765975
+447551440959
+447552238082
+447553063180
+447553868977
+447554194650
+447554708598
+447557054928
+447557325268
+447557952059
+447557955708
+447561475374
+447564739896
+447565255000
+447565335032
+447565391981
+447568294441
+447570214863
+447575406372
+447575955606
+447576221181
+447576335340
+447577926187
+447578928667
+447581095391
+447583940322
+447584038505
+447584044790
+447585715643
+447588554193
+447590215917
+447592296585
+447599573548
+447702057632
+447703733010
+447703982175
+447704956777
+447710015198
+447710577399
+447711569874
+447711573690
+447711906836
+447712725186
+447713869936
+447713963449
+447713971832
+447718290820
+447721647343
+447723018304
+447723079096
+447723095216
+447723449276
+447724263722
+447727087255
+447727195626
+447727305046
+447728806614
+447729862359
+447730794424
+447732737899
+447733656223
+447733713493
+447733820552
+447734853437
+447735344394
+447736692012
+447737223060
+447737260090
+447737396268
+447737726841
+447738112229
+447740585581
+447741546582
+447741978186
+447742592200
+447743125258
+447745493520
+447749783777
+447756550428
+447756679609
+447757438798
+447757713558
+447760850796
+447760924078
+447763348267
+447765741810
+447766107076
+447766278489
+447766765364
+447767178169
+447767402286
+447767918721
+447769387988
+447769489415
+447770429755
+447771093241
+447771400959
+447771760993
+447771847186
+447774182161
+447774830036
+447775153313
+447776475265
+447776533260
+447776590868
+447776634439
+447776660319
+447776724035
+447776728059
+447776764090
+447778026386
+447778278910
+447780025934
+447780280163
+447782385064
+447786531113
+447787437842
+447788132222
+447788616740
+447795105677
+447795430536
+447795947877
+447796825243
+447804320932
+447808657207
+447809289815
+447809611534
+447814292433
+447823491587
+447823706222
+447823756021
+447823793172
+447823939201
+447823969505
+447825727111
+447828402851
+447830118316
+447830365634
+447830783818
+447831940646
+447831997089
+447831997892
+447832335561
+447832842000
+447832938818
+447833882725
+447835010163
+447838991537
+447841479877
+447842280259
+447843862972
+447845500890
+447846213304
+447847264689
+447847610533
+447851936192
+447852838733
+447853235464
+447853338161
+447853966601
+447854532534
+447854726120
+447856671376
+447857216939
+447858347839
+447861661992
+447862354154
+447863005505
+447864074115
+447865448294
+447865912940
+447867087253
+447867264610
+447867270021
+447867273204
+447867318515
+447867428895
+447869249125
+447872145548
+447875125484
+447876013922
+447876519347
+447876582436
+447877278188
+447877853955
+447880855472
+447882025993
+447886358412
+447887555750
+447887733016
+447887815060
+447888556760
+447888854510
+447888953184
+447891539384
+447891786472
+447896636342
+447897740936
+447899894146
+447899984733
+447900276979
+447901506062
+447901587433
+447903104760
+447903456625
+447903582349
+447903738963
+447903948175
+447904057908
+447904206139
+447908017625
+447908701885
+447908912903
+447908939221
+447909452391
+447909981857
+447913649285
+447914925888
+447915576518
+447915933175
+447916680932
+447916965243
+447918105136
+447918972440
+447923903860
+447927368938
+447927534979
+447927623670
+447930200670
+447930401199
+447931202312
+447931411007
+447931933581
+447934978986
+447935807536
+447936623039
+447936659549
+447936898348
+447939295628
+447939361636
+447940258049
+447940387278
+447940704933
+447940751145
+447940956424
+447943204748
+447943335166
+447944329846
+447944546022
+447946323580
+447946385672
+447946836346
+447947424790
+447947560025
+447947924338
+447948719413
+447949028376
+447949589095
+447950454999
+447950521724
+447951303178
+447951371390
+447951558122
+447951589045
+447956141598
+447956226717
+447956364106
+447956646433
+447956805781
+447956962108
+447957439144
+447957450804
+447957483195
+447957786535
+447960174543
+447960222469
+447960414330
+447960461839
+447960813171
+447960854776
+447961044109
+447961306663
+447961313371
+447961863629
+447961952406
+447966375428
+447968394137
+447968941771
+447979886646
+447983360615
+447983496774
+447984136565
+447984145241
+447984177470
+447984379621
+447985219936
+447985628793
+447985663526
+447988111798
+447988761969
+447988910393
+447990949071
+447999795524
+447999879399
+46704345412
+4797894162
+4915210155226
+601169334069
+61469703907
+971509302189
+971564715730
+447424609381
+447442375420
+447799213420
+447968250680
+447938896796
+447552869398
+447466629767
+447599936375
+447572176609
+642040812796
+447867811568
+447883097452
+447724133568
+447840288514
+447424719437
+447450131512
+447760715061
+447867265670
+16394717102
+2348108093964
+447305487039
+447514293947
+447863751628
+447466665464
+447732803060
+447867282161
+2349057038318
+447443810801
+447366766372
+447983536524
+447308908581
+17823775523
+447898350839
+447901040076
+2348023688300
+447377202658
+2348028872290
+447867291762
+447852936734
+447729133622
+447931914958
+447873504719
+2348158420332
+447424982240
+2348023535430
+2349155581873
+447879105870
+12035895472
+12043338622
+12049969352
+12178198441
+12402172675
+12819409897
+13012564054
+13015475770
+13179128420
+13472794903
+14034026597
+14036714905
+14043418108
+14312938196
+14372607216
+15067212277
+15194960635
+15875006384
+15879366678
+16154628586
+16183031212
+16474104364
+16822305051
+17036273797
+17739544255
+17788714209
+18327576858
+19024410699
+19053910509
+19192658380
+233543364597
+2347011001356
+2347015235346
+2347017412122
+2347018870410
+2347030091993
+2347030250863
+2347031660476
+2347031806903
+2347033205560
+2347033548006
+2347033687376
+2347033701647
+2347034974518
+2347035241490
+2347035396251
+2347035746319
+2347037166020
+2347037435076
+2347037792249
+2347038252358
+2347039060109
+2347040003055
+2347051005076
+2347054195682
+2347059709453
+2347060579958
+2347060857715
+2347062293528
+2347063618016
+2347064308970
+2347065105847
+2347065576892
+2347065959530
+2347066240338
+2347067411792
+2347067514077
+2347067580599
+2347069040558
+2347081590848
+2347086926883
+2347088382585
+2348022051348
+2348022225423
+2348022226855
+2348022488275
+2348022775240
+2348023019501
+2348023063152
+2348023072187
+2348023175098
+2348023356462
+2348023403408
+2348023569687
+2348023762267
+2348023774346
+2348023795302
+2348023874500
+2348023927192
+2348024326001
+2348024356418
+2348024705032
+2348025692394
+2348025735095
+2348026104856
+2348026157073
+2348026403462
+2348026410046
+2348027352069
+2348027355996
+2348028116284
+2348028303369
+2348028305670
+2348028409880
+2348029052040
+2348029488640
+2348030423142
+2348030546912
+2348030851553
+2348032011278
+2348032127253
+2348032321949
+2348032344274
+2348032350721
+2348032772434
+2348033167891
+2348033327013
+2348033386511
+2348033452961
+2348033703127
+2348033751673
+2348033957983
+2348033984252
+2348034091476
+2348034646181
+2348034648476
+2348035223474
+2348035324979
+2348035378942
+2348035467950
+2348035534289
+2348035629489
+2348035754036
+2348036034946
+2348036348360
+2348036502092
+2348036739703
+2348036958234
+2348036986048
+2348037083761
+2348037150954
+2348037262994
+2348037433924
+2348037652444
+2348037699016
+2348038103894
+2348038156830
+2348038320925
+2348038370895
+2348038439376
+2348038546424
+2348039187217
+2348039238841
+2348039404043
+2348039772861
+2348050566794
+2348052406753
+2348052843021
+2348053987511
+2348054106133
+2348054228215
+2348055255075
+2348055573342
+2348055574284
+2348055775866
+2348055826810
+2348055880927
+2348056272387
+2348057112839
+2348057371301
+2348057751559
+2348058441284
+2348060017997
+2348060339635
+2348060414034
+2348060642225
+2348060877836
+2348061177502
+2348062123691
+2348062360658
+2348062482798
+2348062832223
+2348063208181
+2348063606858
+2348064125631
+2348065263298
+2348065835807
+2348066188913
+2348066312436
+2348066926608
+2348066990055
+2348067016150
+2348067038531
+2348067368938
+2348068674387
+2348070321072
+2348070491093
+2348070784071
+2348070794274
+2348073608450
+2348074767509
+2348075838726
+2348077344736
+2348077636389
+2348078510644
+2348081780767
+2348081938275
+2348082140556
+2348085026388
+2348086643565
+2348088890975
+2348091122033
+2348091269163
+2348092613721
+2348093268698
+2348093395153
+2348093498979
+2348094710694
+2348094884680
+2348095303548
+2348097857976
+2348098018044
+2348098203853
+2348099441061
+2348099987000
+2348101008956
+2348104113311
+2348105343097
+2348106617355
+2348107144030
+2348107294762
+2348107517948
+2348108157256
+2348114046530
+2348118896087
+2348119296968
+2348119965695
+2348120557937
+2348122226043
+2348124005079
+2348124607487
+2348126695105
+2348130166408
+2348130487296
+2348130663214
+2348130836045
+2348130962846
+2348132045957
+2348134160884
+2348134544657
+2348135191569
+2348135699160
+2348135865777
+2348136785128
+2348137507356
+2348137829540
+2348138143706
+2348138284021
+2348138315662
+2348138341093
+2348139246206
+2348139525681
+2348139617941
+2348140382421
+2348142297153
+2348144658974
+2348147454990
+2348148711295
+2348152627784
+2348156361791
+2348157151011
+2348160475719
+2348161240656
+2348161705833
+2348162102999
+2348162294921
+2348162484666
+2348162559069
+2348162637190
+2348165024232
+2348165239788
+2348165556733
+2348165955699
+2348166115804
+2348169962254
+2348174970141
+2348175558415
+2348178412962
+2348180042952
+2348181410919
+2348183390802
+2348184819360
+2348185112209
+2348185791250
+2348188665728
+2348189686861
+2349023436423
+2349026562041
+2349030899052
+2349036327313
+2349038269949
+2349038614523
+2349044468501
+2349046782644
+2349055573593
+2349065889266
+2349067495943
+2349070288281
+2349071352270
+2349072388246
+2349073323005
+2349075307362
+2349076001669
+2349077792603
+2349080446682
+2349092327078
+2349096111489
+2349097256106
+2349099983185
+2349114002598
+2349118962537
+2349136797141
+2349139341642
+2349158425003
+2349161492258
+2349163614929
+263776227190
+27638400823
+27743207841
+32466280492
+353838356694
+353852104077
+353852160960
+353857438983
+353866007611
+353871373644
+353877555008
+353877663225
+353892325335
+353892714610
+353899632558
+380994961720
+447305010157
+447305182018
+447305241468
+447305391818
+447307039554
+447308689845
+447309354922
+447309665438
+447341179857
+447341818628
+447342284931
+447359028326
+447359029222
+447359212658
+447359326556
+447360008559
+447361651324
+447367754280
+447368581494
+447368584812
+447376081717
+447376414825
+447376977222
+447377080871
+447377424743
+447377740369
+447377740498
+447380360617
+447380421764
+447383557768
+447384848512
+447385845116
+447388323132
+447394145649
+447398175324
+447398614464
+447398614466
+447398790432
+447399323428
+447400410209
+447401543252
+447403073503
+447403944531
+447403963763
+447404034685
+447404413628
+447404424655
+447404636201
+447404727520
+447404939694
+447404950840
+447405039187
+447405329870
+447405410728
+447405680955
+447405718889
+447405875678
+447407101624
+447407399786
+447411047247
+447411449816
+447412697120
+447412802068
+447418006147
+447423027932
+447423185803
+447423243623
+447424255125
+447424549168
+447424629051
+447424630069
+447424693650
+447424741815
+447424803994
+447425319022
+447427756929
+447428040460
+447428401152
+447429113180
+447429496835
+447435272930
+447436237748
+447436942644
+447437189541
+447438344335
+447438628995
+447440249400
+447440708453
+447440713636
+447442329992
+447442883370
+447442962080
+447443159838
+447443421619
+447443550206
+447443817883
+447444776025
+447445484019
+447445660213
+447445859466
+447446166826
+447447257845
+447448047807
+447448386121
+447448503532
+447448986129
+447449074832
+447449272672
+447449322367
+447450251290
+447450260474
+447453445757
+447454787399
+447456575520
+447459017980
+447459102006
+447459165287
+447459296068
+447459325460
+447459411463
+447459510984
+447459590179
+447459883865
+447459942506
+447459945861
+447460736106
+447463629501
+447464293854
+447466233799
+447466461916
+447466574563
+447466638255
+447466959176
+447466988797
+447466998169
+447469681821
+447470734018
+447472037346
+447474645400
+447475481278
+447475686171
+447476700174
+447477946494
+447478208649
+447479305521
+447479608278
+447480779287
+447481773837
+447484142301
+447484165507
+447484195658
+447487601909
+447491057492
+447491698787
+447492772187
+447493122877
+447493881921
+447495028684
+447495329382
+447495375957
+447495416303
+447495835470
+447496336163
+447496833607
+447498057497
+447498070026
+447498583539
+447504552780
+447505824176
+447506288396
+447506876924
+447508434369
+447516053017
+447518567348
+447518630992
+447529792261
+447530116500
+447532280566
+447533432451
+447533622498
+447534043256
+447534190260
+447534407322
+447534848211
+447535148285
+447535786152
+447538798215
+447538832468
+447539173220
+447539852545
+447539936842
+447543122766
+447543128741
+447546080470
+447546765975
+447551440959
+447552238082
+447553063180
+447553868977
+447554194650
+447554708598
+447557054928
+447557325268
+447557952059
+447557955708
+447561475374
+447564739896
+447565255000
+447565335032
+447565391981
+447568294441
+447570214863
+447575406372
+447575955606
+447576221181
+447576335340
+447577926187
+447578928667
+447581095391
+447583940322
+447584038505
+447584044790
+447585715643
+447588554193
+447590215917
+447592296585
+447599573548
+447702057632
+447703733010
+447703982175
+447704956777
+447710015198
+447710577399
+447711569874
+447711573690
+447711906836
+447712725186
+447713869936
+447713963449
+447713971832
+447718290820
+447721647343
+447723018304
+447723079096
+447723095216
+447723449276
+447724263722
+447727087255
+447727195626
+447727305046
+447728806614
+447729862359
+447730794424
+447732737899
+447733656223
+447733713493
+447733820552
+447734853437
+447735344394
+447736692012
+447737223060
+447737260090
+447737396268
+447737726841
+447738112229
+447740585581
+447741546582
+447741978186
+447742592200
+447743125258
+447745493520
+447749783777
+447756550428
+447756679609
+447757438798
+447757713558
+447760850796
+447760924078
+447763348267
+447765741810
+447766107076
+447766278489
+447766765364
+447767178169
+447767402286
+447767918721
+447769387988
+447769489415
+447770429755
+447771093241
+447771400959
+447771760993
+447771847186
+447774182161
+447774830036
+447775153313
+447776475265
+447776533260
+447776590868
+447776634439
+447776660319
+447776724035
+447776728059
+447776764090
+447778026386
+447778278910
+447780025934
+447780280163
+447782385064
+447786531113
+447787437842
+447788132222
+447788616740
+447795105677
+447795430536
+447795947877
+447796825243
+447804320932
+447808657207
+447809289815
+447809611534
+447814292433
+447823491587
+447823706222
+447823756021
+447823793172
+447823939201
+447823969505
+447825727111
+447828402851
+447830118316
+447830365634
+447830783818
+447831940646
+447831997089
+447831997892
+447832335561
+447832842000
+447832938818
+447833882725
+447835010163
+447838991537
+447841479877
+447842280259
+447843862972
+447845500890
+447846213304
+447847264689
+447847610533
+447851936192
+447852838733
+447853235464
+447853338161
+447853966601
+447854532534
+447854726120
+447856671376
+447857216939
+447858347839
+447861661992
+447862354154
+447863005505
+447864074115
+447865448294
+447865912940
+447867087253
+447867264610
+447867270021
+447867273204
+447867318515
+447867428895
+447869249125
+447872145548
+447875125484
+447876013922
+447876519347
+447876582436
+447877278188
+447877853955
+447880855472
+447882025993
+447886358412
+447887555750
+447887733016
+447887815060
+447888556760
+447888854510
+447888953184
+447891539384
+447891786472
+447896636342
+447897740936
+447899894146
+447899984733
+447900276979
+447901506062
+447901587433
+447903104760
+447903456625
+447903582349
+447903738963
+447903948175
+447904057908
+447904206139
+447908017625
+447908701885
+447908912903
+447908939221
+447909452391
+447909981857
+447913649285
+447914925888
+447915576518
+447915933175
+447916680932
+447916965243
+447918105136
+447918972440
+447923903860
+447927368938
+447927534979
+447927623670
+447930200670
+447930401199
+447931202312
+447931411007
+447931933581
+447934978986
+447935807536
+447936623039
+447936659549
+447936898348
+447939295628
+447939361636
+447940258049
+447940387278
+447940704933
+447940751145
+447940956424
+447943204748
+447943335166
+447944329846
+447944546022
+447946323580
+447946385672
+447946836346
+447947424790
+447947560025
+447947924338
+447948719413
+447949028376
+447949589095
+447950454999
+447950521724
+447951303178
+447951371390
+447951558122
+447951589045
+447956141598
+447956226717
+447956364106
+447956646433
+447956805781
+447956962108
+447957439144
+447957450804
+447957483195
+447957786535
+447960174543
+447960222469
+447960414330
+447960461839
+447960813171
+447960854776
+447961044109
+447961306663
+447961313371
+447961863629
+447961952406
+447966375428
+447968394137
+447968941771
+447979886646
+447983360615
+447983496774
+447984136565
+447984145241
+447984177470
+447984379621
+447985219936
+447985628793
+447985663526
+447988111798
+447988761969
+447988910393
+447990949071
+447999795524
+447999879399
+46704345412
+4797894162
+4915210155226
+601169334069
+61469703907
+971509302189
+971564715730
