
+1 (204) 996-9352 
+234 704 000 3055 
+234 708 296 4648 
+234 802 277 5240 
+234 802 356 9687 
+234 803 316 7891 
+234 803 382 4610 
+234 803 743 3924 
+234 806 087 7836 
+234 806 618 8913 
+234 810 411 3311 
+234 811 404 6530 
+44 7309 354922 
+44 7377 740369 
+44 7385 290009 
+44 7403 944531 
+44 7415 145032 
+44 7453 445757 
+44 7459 165287 
+44 7459 339041 
+44 7479 608278 
+44 7510 057098 
+44 7572 761237 
+44 7710 577399 
+44 7721 974948 
+44 7723 439379 
+44 7735 903885 
+44 7737 442394 
+44 7737 726841 
+44 7757 438798 
+44 7760 995469 
+44 7774 182161 
+44 7778 026386 
+44 7778 524742 
+44 7830 365634 
+44 7845 500890 
+44 7845 606907 
+44 7868 844959 
+44 7879 206618 
+44 7903 774067 
+44 7936 898348 
+44 7951 371390 
+44 7983 551257 
+44 7999 199950 
+1 (204) 996-9352 
+234 704 000 3055 
+234 708 296 4648 
+234 802 277 5240 
+234 802 356 9687 
+234 803 316 7891 
+234 803 382 4610 
+234 803 743 3924 
+234 806 087 7836 
+234 806 618 8913 
+234 810 411 3311 
+234 811 404 6530 
+44 7309 354922 
+44 7377 740369 
+44 7385 290009 
+44 7403 944531 
+44 7415 145032 
+44 7453 445757 
+44 7459 165287 
+44 7459 339041 
+44 7479 608278 
+44 7510 057098 
+44 7572 761237 
+44 7710 577399 
+44 7721 974948 
+44 7723 439379 
+44 7735 903885 
+44 7737 442394 
+44 7737 726841 
+44 7757 438798 
+44 7760 995469 
+44 7774 182161 
+44 7778 026386 
+44 7778 524742 
+44 7830 365634 
+44 7845 500890 
+44 7845 606907 
+44 7868 844959 
+44 7879 206618 
+44 7903 774067 
+44 7936 898348 
+44 7951 371390 
+44 7983 551257 
+44 7999 199950
